11000000000 000000000
10000000000 000000000
01100000000 000000000
00100000000 000000000
01000000000 000000000
00000000000 000000000
01000000000 000000000
00000000000 000000000
01000000000 000000000
00000000000 000000000
01000000000 100000000
00000000000 100000000
01000000000 100000000
00000000000 100000000
01100000001 000000000
00100000001 000000000
01000000001 000000000
00000000001 000000000
01000000001 000000000
00000000001 000000000
01000000001 000000000
00000000001 000000000
01000000001 100000000
00000000001 100000000
01000000000 100000000
00000000000 100000000
01100000010 000000000
00100000010 000000000
01000000010 000000000
00000000010 000000000
01000000010 000000000
00000000010 000000000
01000000010 000000000
00000000010 000000000
01000000010 100000000
00000000010 100000000
01000000000 100000000
00000000000 100000000
01100000011 000000000
00100000011 000000000
01000000011 000000000
00000000011 000000000
01000000011 000000000
00000000011 000000000
01000000011 000000000
00000000011 000000000
01000000011 100000000
00000000011 100000000
01000000000 100000000
00000000000 100000000
01100000100 000000000
00100000100 000000000
01000000100 000000000
00000000100 000000000
01000000100 000000000
00000000100 000000000
01000000100 000000000
00000000100 000000000
01000000100 100000000
00000000100 100000000
01000000000 100000000
00000000000 100000000
01100000101 000000000
00100000101 000000000
01000000101 000000000
00000000101 000000000
01000000101 000000000
00000000101 000000000
01000000101 000000000
00000000101 000000000
01000000101 100000000
00000000101 100000000
01000000000 100000000
00000000000 100000000
01100000110 000000000
00100000110 000000000
01000000110 000000000
00000000110 000000000
01000000110 000000000
00000000110 000000000
01000000110 000000000
00000000110 000000000
01000000110 100000000
00000000110 100000000
01000000000 100000000
00000000000 100000000
01100000111 000000000
00100000111 000000000
01000000111 000000000
00000000111 000000000
01000000111 000000000
00000000111 000000000
01000000111 000000000
00000000111 000000000
01000000111 100000000
00000000111 100000000
01000000000 100000000
00000000000 100000000
01100001000 000000000
00100001000 000000000
01000001000 000000000
00000001000 000000000
01000001000 000000000
00000001000 000000000
01000001000 000000000
00000001000 000000000
01000001000 100000000
00000001000 100000000
01000000000 100000000
00000000000 100000000
01100001001 000000000
00100001001 000000000
01000001001 000000000
00000001001 000000000
01000001001 000000000
00000001001 000000000
01000001001 000000000
00000001001 000000000
01000001001 100000000
00000001001 100000000
01000000000 100000000
00000000000 100000000
01100001010 000000000
00100001010 000000000
01000001010 000000000
00000001010 000000000
01000001010 000000000
00000001010 000000000
01000001010 000000000
00000001010 000000000
01000001010 100000000
00000001010 100000000
01000000000 100000000
00000000000 100000000
01100001011 000000000
00100001011 000000000
01000001011 000000000
00000001011 000000000
01000001011 000000000
00000001011 000000000
01000001011 000000000
00000001011 000000000
01000001011 100000000
00000001011 100000000
01000000000 100000000
00000000000 100000000
01100001100 000000000
00100001100 000000000
01000001100 000000000
00000001100 000000000
01000001100 000000000
00000001100 000000000
01000001100 000000000
00000001100 000000000
01000001100 100000000
00000001100 100000000
01000000000 100000000
00000000000 100000000
01100001101 000000000
00100001101 000000000
01000001101 000000000
00000001101 000000000
01000001101 000000000
00000001101 000000000
01000001101 000000000
00000001101 000000000
01000001101 100000000
00000001101 100000000
01000000000 100000000
00000000000 100000000
01001100111 000000000
00001100111 000000000
01001100111 000000000
00001100111 000000000
01100001110 000000000
00100001110 000000000
01000001110 000000000
00000001110 000000000
01000001110 000000000
00000001110 000000000
01000001110 000000000
00000001110 000000000
01000001110 100000000
00000001110 100000000
01000000000 100000000
00000000000 100000000
01100001111 000000000
00100001111 000000000
01000001111 000000000
00000001111 000000000
01000001111 000000000
00000001111 000000000
01000001111 000000000
00000001111 000000000
01000001111 100000000
00000001111 100000000
01000000000 100000000
00000000000 100000000
11000000000 000000000
10000000000 000000000
01100010000 000000000
00100010000 000000000
01000010000 000000000
00000010000 000000000
01000010000 000000000
00000010000 000000000
01000010000 000000000
00000010000 000000000
01000010000 100000000
00000010000 100000000
01000000000 100000000
00000000000 100000000
01100010001 000000000
00100010001 000000000
01000010001 000000000
00000010001 000000000
01000010001 000000000
00000010001 000000000
01000010001 000000000
00000010001 000000000
01000010001 100000001
00000010001 100000001
01000000000 100000001
00000000000 100000001
01100010010 000000000
00100010010 000000000
01000010010 000000000
00000010010 000000000
01000010010 000000000
00000010010 000000000
01000010010 000000000
00000010010 000000000
01000010010 100000010
00000010010 100000010
01000000000 100000010
00000000000 100000010
01100010011 000000000
00100010011 000000000
01000010011 000000000
00000010011 000000000
01000010011 000000000
00000010011 000000000
01000010011 000000000
00000010011 000000000
01000010011 100000011
00000010011 100000011
01000000000 100000011
00000000000 100000011
01100010100 000000000
00100010100 000000000
01000010100 000000000
00000010100 000000000
01000010100 000000000
00000010100 000000000
01000010100 000000000
00000010100 000000000
01000010100 100000100
00000010100 100000100
01000000000 100000100
00000000000 100000100
01100010101 000000000
00100010101 000000000
01000010101 000000000
00000010101 000000000
01000010101 000000000
00000010101 000000000
01000010101 000000000
00000010101 000000000
01000010101 100000101
00000010101 100000101
01000000000 100000101
00000000000 100000101
01100010110 000000000
00100010110 000000000
01000010110 000000000
00000010110 000000000
01000010110 000000000
00000010110 000000000
01000010110 000000000
00000010110 000000000
01000010110 100000110
00000010110 100000110
01000000000 100000110
00000000000 100000110
01100010111 000000000
00100010111 000000000
01000010111 000000000
00000010111 000000000
01000010111 000000000
00000010111 000000000
01000010111 000000000
00000010111 000000000
01000010111 100000111
00000010111 100000111
01000000000 100000111
00000000000 100000111
01100011000 000000000
00100011000 000000000
01000011000 000000000
00000011000 000000000
01000011000 000000000
00000011000 000000000
01000011000 000000000
00000011000 000000000
01000011000 100001000
00000011000 100001000
01000000000 100001000
00000000000 100001000
01100011001 000000000
00100011001 000000000
01000011001 000000000
00000011001 000000000
01000011001 000000000
00000011001 000000000
01000011001 000000000
00000011001 000000000
01000011001 100001001
00000011001 100001001
01000000000 100001001
00000000000 100001001
01100011010 000000000
00100011010 000000000
01000011010 000000000
00000011010 000000000
01000011010 000000000
00000011010 000000000
01000011010 000000000
00000011010 000000000
01000011010 100001010
00000011010 100001010
01000000000 100001010
00000000000 100001010
01100011011 000000000
00100011011 000000000
01000011011 000000000
00000011011 000000000
01000011011 000000000
00000011011 000000000
01000011011 000000000
00000011011 000000000
01000011011 100001011
00000011011 100001011
01000000000 100001011
00000000000 100001011
01100011100 000000000
00100011100 000000000
01000011100 000000000
00000011100 000000000
01000011100 000000000
00000011100 000000000
01000011100 000000000
00000011100 000000000
01000011100 100001100
00000011100 100001100
01000000000 100001100
00000000000 100001100
01001100111 000000000
00001100111 000000000
01001100111 000000000
00001100111 000000000
01100011101 000000000
00100011101 000000000
01000011101 000000000
00000011101 000000000
01000011101 000000000
00000011101 000000000
01000011101 000000000
00000011101 000000000
01000011101 100001101
00000011101 100001101
01000000000 100001101
00000000000 100001101
01100011110 000000000
00100011110 000000000
01000011110 000000000
00000011110 000000000
01000011110 000000000
00000011110 000000000
01000011110 000000000
00000011110 000000000
01000011110 100001110
00000011110 100001110
01000000000 100001110
00000000000 100001110
11000000000 000000000
10000000000 000000000
01100011111 000000000
00100011111 000000000
01000011111 000000000
00000011111 000000000
01000011111 000000000
00000011111 000000000
01000011111 000000000
00000011111 000000000
01000011111 100001111
00000011111 100001111
01000000000 100001111
00000000000 100001111
01100100000 000000000
00100100000 000000000
01000100000 000000000
00000100000 000000000
01000100000 000000000
00000100000 000000000
01000100000 000000000
00000100000 000000000
01000100000 100000000
00000100000 100000000
01000000000 100000000
00000000000 100000000
01100100001 000000000
00100100001 000000000
01000100001 000000000
00000100001 000000000
01000100001 000000000
00000100001 000000000
01000100001 000000000
00000100001 000000000
01000100001 100000010
00000100001 100000010
01000000000 100000010
00000000000 100000010
01100100010 000000000
00100100010 000000000
01000100010 000000000
00000100010 000000000
01000100010 000000000
00000100010 000000000
01000100010 000000000
00000100010 000000000
01000100010 100000100
00000100010 100000100
01000000000 100000100
00000000000 100000100
01100100011 000000000
00100100011 000000000
01000100011 000000000
00000100011 000000000
01000100011 000000000
00000100011 000000000
01000100011 000000000
00000100011 000000000
01000100011 100000110
00000100011 100000110
01000000000 100000110
00000000000 100000110
01100100100 000000000
00100100100 000000000
01000100100 000000000
00000100100 000000000
01000100100 000000000
00000100100 000000000
01000100100 000000000
00000100100 000000000
01000100100 100001000
00000100100 100001000
01000000000 100001000
00000000000 100001000
01100100101 000000000
00100100101 000000000
01000100101 000000000
00000100101 000000000
01000100101 000000000
00000100101 000000000
01000100101 000000000
00000100101 000000000
01000100101 100001010
00000100101 100001010
01000000000 100001010
00000000000 100001010
01100100110 000000000
00100100110 000000000
01000100110 000000000
00000100110 000000000
01000100110 000000000
00000100110 000000000
01000100110 000000000
00000100110 000000000
01000100110 100001100
00000100110 100001100
01000000000 100001100
00000000000 100001100
01100100111 000000000
00100100111 000000000
01000100111 000000000
00000100111 000000000
01000100111 000000000
00000100111 000000000
01000100111 000000000
00000100111 000000000
01000100111 100001110
00000100111 100001110
01000000000 100001110
00000000000 100001110
01100101000 000000000
00100101000 000000000
01000101000 000000000
00000101000 000000000
01000101000 000000000
00000101000 000000000
01000101000 000000000
00000101000 000000000
01000101000 100010000
00000101000 100010000
01000000000 100010000
00000000000 100010000
01100101001 000000000
00100101001 000000000
01000101001 000000000
00000101001 000000000
01000101001 000000000
00000101001 000000000
01000101001 000000000
00000101001 000000000
01000101001 100010010
00000101001 100010010
01000000000 100010010
00000000000 100010010
01100101010 000000000
00100101010 000000000
01000101010 000000000
00000101010 000000000
01000101010 000000000
00000101010 000000000
01000101010 000000000
00000101010 000000000
01000101010 100010100
00000101010 100010100
01000000000 100010100
00000000000 100010100
01100101011 000000000
00100101011 000000000
01000101011 000000000
00000101011 000000000
01000101011 000000000
00000101011 000000000
01000101011 000000000
00000101011 000000000
01000101011 100010110
00000101011 100010110
01000000000 100010110
00000000000 100010110
01001100111 000000000
00001100111 000000000
01001100111 000000000
00001100111 000000000
01100101100 000000000
00100101100 000000000
01000101100 000000000
00000101100 000000000
01000101100 000000000
00000101100 000000000
01000101100 000000000
00000101100 000000000
01000101100 100011000
00000101100 100011000
01000000000 100011000
00000000000 100011000
01100101101 000000000
00100101101 000000000
01000101101 000000000
00000101101 000000000
01000101101 000000000
00000101101 000000000
01000101101 000000000
00000101101 000000000
01000101101 100011010
00000101101 100011010
01000000000 100011010
00000000000 100011010
11000000000 000000000
10000000000 000000000
01100101110 000000000
00100101110 000000000
01000101110 000000000
00000101110 000000000
01000101110 000000000
00000101110 000000000
01000101110 000000000
00000101110 000000000
01000101110 100011100
00000101110 100011100
01000000000 100011100
00000000000 100011100
01100101111 000000000
00100101111 000000000
01000101111 000000000
00000101111 000000000
01000101111 000000000
00000101111 000000000
01000101111 000000000
00000101111 000000000
01000101111 100011110
00000101111 100011110
01000000000 100011110
00000000000 100011110
01100110000 000000000
00100110000 000000000
01000110000 000000000
00000110000 000000000
01000110000 000000000
00000110000 000000000
01000110000 000000000
00000110000 000000000
01000110000 100000000
00000110000 100000000
01000000000 100000000
00000000000 100000000
01100110001 000000000
00100110001 000000000
01000110001 000000000
00000110001 000000000
01000110001 000000000
00000110001 000000000
01000110001 000000000
00000110001 000000000
01000110001 100000011
00000110001 100000011
01000000000 100000011
00000000000 100000011
01100110010 000000000
00100110010 000000000
01000110010 000000000
00000110010 000000000
01000110010 000000000
00000110010 000000000
01000110010 000000000
00000110010 000000000
01000110010 100000110
00000110010 100000110
01000000000 100000110
00000000000 100000110
01100110011 000000000
00100110011 000000000
01000110011 000000000
00000110011 000000000
01000110011 000000000
00000110011 000000000
01000110011 000000000
00000110011 000000000
01000110011 100001001
00000110011 100001001
01000000000 100001001
00000000000 100001001
01100110100 000000000
00100110100 000000000
01000110100 000000000
00000110100 000000000
01000110100 000000000
00000110100 000000000
01000110100 000000000
00000110100 000000000
01000110100 100001100
00000110100 100001100
01000000000 100001100
00000000000 100001100
01100110101 000000000
00100110101 000000000
01000110101 000000000
00000110101 000000000
01000110101 000000000
00000110101 000000000
01000110101 000000000
00000110101 000000000
01000110101 100001111
00000110101 100001111
01000000000 100001111
00000000000 100001111
01100110110 000000000
00100110110 000000000
01000110110 000000000
00000110110 000000000
01000110110 000000000
00000110110 000000000
01000110110 000000000
00000110110 000000000
01000110110 100010010
00000110110 100010010
01000000000 100010010
00000000000 100010010
01100110111 000000000
00100110111 000000000
01000110111 000000000
00000110111 000000000
01000110111 000000000
00000110111 000000000
01000110111 000000000
00000110111 000000000
01000110111 100010101
00000110111 100010101
01000000000 100010101
00000000000 100010101
01100111000 000000000
00100111000 000000000
01000111000 000000000
00000111000 000000000
01000111000 000000000
00000111000 000000000
01000111000 000000000
00000111000 000000000
01000111000 100011000
00000111000 100011000
01000000000 100011000
00000000000 100011000
01100111001 000000000
00100111001 000000000
01000111001 000000000
00000111001 000000000
01000111001 000000000
00000111001 000000000
01000111001 000000000
00000111001 000000000
01000111001 100011011
00000111001 100011011
01000000000 100011011
00000000000 100011011
01100111010 000000000
00100111010 000000000
01000111010 000000000
00000111010 000000000
01000111010 000000000
00000111010 000000000
01000111010 000000000
00000111010 000000000
01000111010 100011110
00000111010 100011110
01000000000 100011110
00000000000 100011110
01001100111 000000000
00001100111 000000000
01001100111 000000000
00001100111 000000000
01100111011 000000000
00100111011 000000000
01000111011 000000000
00000111011 000000000
01000111011 000000000
00000111011 000000000
01000111011 000000000
00000111011 000000000
01000111011 100100001
00000111011 100100001
01000000000 100100001
00000000000 100100001
01100111100 000000000
00100111100 000000000
01000111100 000000000
00000111100 000000000
01000111100 000000000
00000111100 000000000
01000111100 000000000
00000111100 000000000
01000111100 100100100
00000111100 100100100
01000000000 100100100
00000000000 100100100
11000000000 000000000
10000000000 000000000
01100111101 000000000
00100111101 000000000
01000111101 000000000
00000111101 000000000
01000111101 000000000
00000111101 000000000
01000111101 000000000
00000111101 000000000
01000111101 100100111
00000111101 100100111
01000000000 100100111
00000000000 100100111
01100111110 000000000
00100111110 000000000
01000111110 000000000
00000111110 000000000
01000111110 000000000
00000111110 000000000
01000111110 000000000
00000111110 000000000
01000111110 100101010
00000111110 100101010
01000000000 100101010
00000000000 100101010
01100111111 000000000
00100111111 000000000
01000111111 000000000
00000111111 000000000
01000111111 000000000
00000111111 000000000
01000111111 000000000
00000111111 000000000
01000111111 100101101
00000111111 100101101
01000000000 100101101
00000000000 100101101
01101000000 000000000
00101000000 000000000
01001000000 000000000
00001000000 000000000
01001000000 000000000
00001000000 000000000
01001000000 000000000
00001000000 000000000
01001000000 100000000
00001000000 100000000
01000000000 100000000
00000000000 100000000
01101000001 000000000
00101000001 000000000
01001000001 000000000
00001000001 000000000
01001000001 000000000
00001000001 000000000
01001000001 000000000
00001000001 000000000
01001000001 100000100
00001000001 100000100
01000000000 100000100
00000000000 100000100
01101000010 000000000
00101000010 000000000
01001000010 000000000
00001000010 000000000
01001000010 000000000
00001000010 000000000
01001000010 000000000
00001000010 000000000
01001000010 100001000
00001000010 100001000
01000000000 100001000
00000000000 100001000
01101000011 000000000
00101000011 000000000
01001000011 000000000
00001000011 000000000
01001000011 000000000
00001000011 000000000
01001000011 000000000
00001000011 000000000
01001000011 100001100
00001000011 100001100
01000000000 100001100
00000000000 100001100
01101000100 000000000
00101000100 000000000
01001000100 000000000
00001000100 000000000
01001000100 000000000
00001000100 000000000
01001000100 000000000
00001000100 000000000
01001000100 100010000
00001000100 100010000
01000000000 100010000
00000000000 100010000
01101000101 000000000
00101000101 000000000
01001000101 000000000
00001000101 000000000
01001000101 000000000
00001000101 000000000
01001000101 000000000
00001000101 000000000
01001000101 100010100
00001000101 100010100
01000000000 100010100
00000000000 100010100
01101000110 000000000
00101000110 000000000
01001000110 000000000
00001000110 000000000
01001000110 000000000
00001000110 000000000
01001000110 000000000
00001000110 000000000
01001000110 100011000
00001000110 100011000
01000000000 100011000
00000000000 100011000
01101000111 000000000
00101000111 000000000
01001000111 000000000
00001000111 000000000
01001000111 000000000
00001000111 000000000
01001000111 000000000
00001000111 000000000
01001000111 100011100
00001000111 100011100
01000000000 100011100
00000000000 100011100
01101001000 000000000
00101001000 000000000
01001001000 000000000
00001001000 000000000
01001001000 000000000
00001001000 000000000
01001001000 000000000
00001001000 000000000
01001001000 100100000
00001001000 100100000
01000000000 100100000
00000000000 100100000
01101001001 000000000
00101001001 000000000
01001001001 000000000
00001001001 000000000
01001001001 000000000
00001001001 000000000
01001001001 000000000
00001001001 000000000
01001001001 100100100
00001001001 100100100
01000000000 100100100
00000000000 100100100
01001100111 000000000
00001100111 000000000
01001100111 000000000
00001100111 000000000
01101001010 000000000
00101001010 000000000
01001001010 000000000
00001001010 000000000
01001001010 000000000
00001001010 000000000
01001001010 000000000
00001001010 000000000
01001001010 100101000
00001001010 100101000
01000000000 100101000
00000000000 100101000
01101001011 000000000
00101001011 000000000
01001001011 000000000
00001001011 000000000
01001001011 000000000
00001001011 000000000
01001001011 000000000
00001001011 000000000
01001001011 100101100
00001001011 100101100
01000000000 100101100
00000000000 100101100
11000000000 000000000
10000000000 000000000
01101001100 000000000
00101001100 000000000
01001001100 000000000
00001001100 000000000
01001001100 000000000
00001001100 000000000
01001001100 000000000
00001001100 000000000
01001001100 100110000
00001001100 100110000
01000000000 100110000
00000000000 100110000
01101001101 000000000
00101001101 000000000
01001001101 000000000
00001001101 000000000
01001001101 000000000
00001001101 000000000
01001001101 000000000
00001001101 000000000
01001001101 100110100
00001001101 100110100
01000000000 100110100
00000000000 100110100
01101001110 000000000
00101001110 000000000
01001001110 000000000
00001001110 000000000
01001001110 000000000
00001001110 000000000
01001001110 000000000
00001001110 000000000
01001001110 100111000
00001001110 100111000
01000000000 100111000
00000000000 100111000
01101001111 000000000
00101001111 000000000
01001001111 000000000
00001001111 000000000
01001001111 000000000
00001001111 000000000
01001001111 000000000
00001001111 000000000
01001001111 100111100
00001001111 100111100
01000000000 100111100
00000000000 100111100
01101010000 000000000
00101010000 000000000
01001010000 000000000
00001010000 000000000
01001010000 000000000
00001010000 000000000
01001010000 000000000
00001010000 000000000
01001010000 100000000
00001010000 100000000
01000000000 100000000
00000000000 100000000
01101010001 000000000
00101010001 000000000
01001010001 000000000
00001010001 000000000
01001010001 000000000
00001010001 000000000
01001010001 000000000
00001010001 000000000
01001010001 100000101
00001010001 100000101
01000000000 100000101
00000000000 100000101
01101010010 000000000
00101010010 000000000
01001010010 000000000
00001010010 000000000
01001010010 000000000
00001010010 000000000
01001010010 000000000
00001010010 000000000
01001010010 100001010
00001010010 100001010
01000000000 100001010
00000000000 100001010
01101010011 000000000
00101010011 000000000
01001010011 000000000
00001010011 000000000
01001010011 000000000
00001010011 000000000
01001010011 000000000
00001010011 000000000
01001010011 100001111
00001010011 100001111
01000000000 100001111
00000000000 100001111
01101010100 000000000
00101010100 000000000
01001010100 000000000
00001010100 000000000
01001010100 000000000
00001010100 000000000
01001010100 000000000
00001010100 000000000
01001010100 100010100
00001010100 100010100
01000000000 100010100
00000000000 100010100
01101010101 000000000
00101010101 000000000
01001010101 000000000
00001010101 000000000
01001010101 000000000
00001010101 000000000
01001010101 000000000
00001010101 000000000
01001010101 100011001
00001010101 100011001
01000000000 100011001
00000000000 100011001
01101010110 000000000
00101010110 000000000
01001010110 000000000
00001010110 000000000
01001010110 000000000
00001010110 000000000
01001010110 000000000
00001010110 000000000
01001010110 100011110
00001010110 100011110
01000000000 100011110
00000000000 100011110
01101010111 000000000
00101010111 000000000
01001010111 000000000
00001010111 000000000
01001010111 000000000
00001010111 000000000
01001010111 000000000
00001010111 000000000
01001010111 100100011
00001010111 100100011
01000000000 100100011
00000000000 100100011
01101011000 000000000
00101011000 000000000
01001011000 000000000
00001011000 000000000
01001011000 000000000
00001011000 000000000
01001011000 000000000
00001011000 000000000
01001011000 100101000
00001011000 100101000
01000000000 100101000
00000000000 100101000
01001100111 000000000
00001100111 000000000
01001100111 000000000
00001100111 000000000
01101011001 000000000
00101011001 000000000
01001011001 000000000
00001011001 000000000
01001011001 000000000
00001011001 000000000
01001011001 000000000
00001011001 000000000
01001011001 100101101
00001011001 100101101
01000000000 100101101
00000000000 100101101
01101011010 000000000
00101011010 000000000
01001011010 000000000
00001011010 000000000
01001011010 000000000
00001011010 000000000
01001011010 000000000
00001011010 000000000
01001011010 100110010
00001011010 100110010
01000000000 100110010
00000000000 100110010
11000000000 000000000
10000000000 000000000
01101011011 000000000
00101011011 000000000
01001011011 000000000
00001011011 000000000
01001011011 000000000
00001011011 000000000
01001011011 000000000
00001011011 000000000
01001011011 100110111
00001011011 100110111
01000000000 100110111
00000000000 100110111
01101011100 000000000
00101011100 000000000
01001011100 000000000
00001011100 000000000
01001011100 000000000
00001011100 000000000
01001011100 000000000
00001011100 000000000
01001011100 100111100
00001011100 100111100
01000000000 100111100
00000000000 100111100
01101011101 000000000
00101011101 000000000
01001011101 000000000
00001011101 000000000
01001011101 000000000
00001011101 000000000
01001011101 000000000
00001011101 000000000
01001011101 101000001
00001011101 101000001
01000000000 101000001
00000000000 101000001
01101011110 000000000
00101011110 000000000
01001011110 000000000
00001011110 000000000
01001011110 000000000
00001011110 000000000
01001011110 000000000
00001011110 000000000
01001011110 101000110
00001011110 101000110
01000000000 101000110
00000000000 101000110
01101011111 000000000
00101011111 000000000
01001011111 000000000
00001011111 000000000
01001011111 000000000
00001011111 000000000
01001011111 000000000
00001011111 000000000
01001011111 101001011
00001011111 101001011
01000000000 101001011
00000000000 101001011
01101100000 000000000
00101100000 000000000
01001100000 000000000
00001100000 000000000
01001100000 000000000
00001100000 000000000
01001100000 000000000
00001100000 000000000
01001100000 100000000
00001100000 100000000
01000000000 100000000
00000000000 100000000
01101100001 000000000
00101100001 000000000
01001100001 000000000
00001100001 000000000
01001100001 000000000
00001100001 000000000
01001100001 000000000
00001100001 000000000
01001100001 100000110
00001100001 100000110
01000000000 100000110
00000000000 100000110
01101100010 000000000
00101100010 000000000
01001100010 000000000
00001100010 000000000
01001100010 000000000
00001100010 000000000
01001100010 000000000
00001100010 000000000
01001100010 100001100
00001100010 100001100
01000000000 100001100
00000000000 100001100
01101100011 000000000
00101100011 000000000
01001100011 000000000
00001100011 000000000
01001100011 000000000
00001100011 000000000
01001100011 000000000
00001100011 000000000
01001100011 100010010
00001100011 100010010
01000000000 100010010
00000000000 100010010
01101100100 000000000
00101100100 000000000
01001100100 000000000
00001100100 000000000
01001100100 000000000
00001100100 000000000
01001100100 000000000
00001100100 000000000
01001100100 100011000
00001100100 100011000
01000000000 100011000
00000000000 100011000
01101100101 000000000
00101100101 000000000
01001100101 000000000
00001100101 000000000
01001100101 000000000
00001100101 000000000
01001100101 000000000
00001100101 000000000
01001100101 100011110
00001100101 100011110
01000000000 100011110
00000000000 100011110
01101100110 000000000
00101100110 000000000
01001100110 000000000
00001100110 000000000
01001100110 000000000
00001100110 000000000
01001100110 000000000
00001100110 000000000
01001100110 100100100
00001100110 100100100
01000000000 100100100
00000000000 100100100
01101100111 000000000
00101100111 000000000
01001100111 000000000
00001100111 000000000
01001100111 000000000
00001100111 000000000
01001100111 000000000
00001100111 000000000
01001100111 100101010
00001100111 100101010
01000000000 100101010
00000000000 100101010
01001100111 000000000
00001100111 000000000
01001100111 000000000
00001100111 000000000
01101101000 000000000
00101101000 000000000
01001101000 000000000
00001101000 000000000
01001101000 000000000
00001101000 000000000
01001101000 000000000
00001101000 000000000
01001101000 100110000
00001101000 100110000
01000000000 100110000
00000000000 100110000
01101101001 000000000
00101101001 000000000
01001101001 000000000
00001101001 000000000
01001101001 000000000
00001101001 000000000
01001101001 000000000
00001101001 000000000
01001101001 100110110
00001101001 100110110
01000000000 100110110
00000000000 100110110
11000000000 000000000
10000000000 000000000
01101101010 000000000
00101101010 000000000
01001101010 000000000
00001101010 000000000
01001101010 000000000
00001101010 000000000
01001101010 000000000
00001101010 000000000
01001101010 100111100
00001101010 100111100
01000000000 100111100
00000000000 100111100
01101101011 000000000
00101101011 000000000
01001101011 000000000
00001101011 000000000
01001101011 000000000
00001101011 000000000
01001101011 000000000
00001101011 000000000
01001101011 101000010
00001101011 101000010
01000000000 101000010
00000000000 101000010
01101101100 000000000
00101101100 000000000
01001101100 000000000
00001101100 000000000
01001101100 000000000
00001101100 000000000
01001101100 000000000
00001101100 000000000
01001101100 101001000
00001101100 101001000
01000000000 101001000
00000000000 101001000
01101101101 000000000
00101101101 000000000
01001101101 000000000
00001101101 000000000
01001101101 000000000
00001101101 000000000
01001101101 000000000
00001101101 000000000
01001101101 101001110
00001101101 101001110
01000000000 101001110
00000000000 101001110
01101101110 000000000
00101101110 000000000
01001101110 000000000
00001101110 000000000
01001101110 000000000
00001101110 000000000
01001101110 000000000
00001101110 000000000
01001101110 101010100
00001101110 101010100
01000000000 101010100
00000000000 101010100
01101101111 000000000
00101101111 000000000
01001101111 000000000
00001101111 000000000
01001101111 000000000
00001101111 000000000
01001101111 000000000
00001101111 000000000
01001101111 101011010
00001101111 101011010
01000000000 101011010
00000000000 101011010
01101110000 000000000
00101110000 000000000
01001110000 000000000
00001110000 000000000
01001110000 000000000
00001110000 000000000
01001110000 000000000
00001110000 000000000
01001110000 100000000
00001110000 100000000
01000000000 100000000
00000000000 100000000
01101110001 000000000
00101110001 000000000
01001110001 000000000
00001110001 000000000
01001110001 000000000
00001110001 000000000
01001110001 000000000
00001110001 000000000
01001110001 100000111
00001110001 100000111
01000000000 100000111
00000000000 100000111
01101110010 000000000
00101110010 000000000
01001110010 000000000
00001110010 000000000
01001110010 000000000
00001110010 000000000
01001110010 000000000
00001110010 000000000
01001110010 100001110
00001110010 100001110
01000000000 100001110
00000000000 100001110
01101110011 000000000
00101110011 000000000
01001110011 000000000
00001110011 000000000
01001110011 000000000
00001110011 000000000
01001110011 000000000
00001110011 000000000
01001110011 100010101
00001110011 100010101
01000000000 100010101
00000000000 100010101
01101110100 000000000
00101110100 000000000
01001110100 000000000
00001110100 000000000
01001110100 000000000
00001110100 000000000
01001110100 000000000
00001110100 000000000
01001110100 100011100
00001110100 100011100
01000000000 100011100
00000000000 100011100
01101110101 000000000
00101110101 000000000
01001110101 000000000
00001110101 000000000
01001110101 000000000
00001110101 000000000
01001110101 000000000
00001110101 000000000
01001110101 100100011
00001110101 100100011
01000000000 100100011
00000000000 100100011
01101110110 000000000
00101110110 000000000
01001110110 000000000
00001110110 000000000
01001110110 000000000
00001110110 000000000
01001110110 000000000
00001110110 000000000
01001110110 100101010
00001110110 100101010
01000000000 100101010
00000000000 100101010
01001100111 000000000
00001100111 000000000
01001100111 000000000
00001100111 000000000
01101110111 000000000
00101110111 000000000
01001110111 000000000
00001110111 000000000
01001110111 000000000
00001110111 000000000
01001110111 000000000
00001110111 000000000
01001110111 100110001
00001110111 100110001
01000000000 100110001
00000000000 100110001
01101111000 000000000
00101111000 000000000
01001111000 000000000
00001111000 000000000
01001111000 000000000
00001111000 000000000
01001111000 000000000
00001111000 000000000
01001111000 100111000
00001111000 100111000
01000000000 100111000
00000000000 100111000
11000000000 000000000
10000000000 000000000
01101111001 000000000
00101111001 000000000
01001111001 000000000
00001111001 000000000
01001111001 000000000
00001111001 000000000
01001111001 000000000
00001111001 000000000
01001111001 100111111
00001111001 100111111
01000000000 100111111
00000000000 100111111
01101111010 000000000
00101111010 000000000
01001111010 000000000
00001111010 000000000
01001111010 000000000
00001111010 000000000
01001111010 000000000
00001111010 000000000
01001111010 101000110
00001111010 101000110
01000000000 101000110
00000000000 101000110
01101111011 000000000
00101111011 000000000
01001111011 000000000
00001111011 000000000
01001111011 000000000
00001111011 000000000
01001111011 000000000
00001111011 000000000
01001111011 101001101
00001111011 101001101
01000000000 101001101
00000000000 101001101
01101111100 000000000
00101111100 000000000
01001111100 000000000
00001111100 000000000
01001111100 000000000
00001111100 000000000
01001111100 000000000
00001111100 000000000
01001111100 101010100
00001111100 101010100
01000000000 101010100
00000000000 101010100
01101111101 000000000
00101111101 000000000
01001111101 000000000
00001111101 000000000
01001111101 000000000
00001111101 000000000
01001111101 000000000
00001111101 000000000
01001111101 101011011
00001111101 101011011
01000000000 101011011
00000000000 101011011
01101111110 000000000
00101111110 000000000
01001111110 000000000
00001111110 000000000
01001111110 000000000
00001111110 000000000
01001111110 000000000
00001111110 000000000
01001111110 101100010
00001111110 101100010
01000000000 101100010
00000000000 101100010
01101111111 000000000
00101111111 000000000
01001111111 000000000
00001111111 000000000
01001111111 000000000
00001111111 000000000
01001111111 000000000
00001111111 000000000
01001111111 101101001
00001111111 101101001
01000000000 101101001
00000000000 101101001
01110000000 000000000
00110000000 000000000
01010000000 000000000
00010000000 000000000
01010000000 000000000
00010000000 000000000
01010000000 000000000
00010000000 000000000
01010000000 100000000
00010000000 100000000
01000000000 100000000
00000000000 100000000
01110000001 000000000
00110000001 000000000
01010000001 000000000
00010000001 000000000
01010000001 000000000
00010000001 000000000
01010000001 000000000
00010000001 000000000
01010000001 100001000
00010000001 100001000
01000000000 100001000
00000000000 100001000
01110000010 000000000
00110000010 000000000
01010000010 000000000
00010000010 000000000
01010000010 000000000
00010000010 000000000
01010000010 000000000
00010000010 000000000
01010000010 100010000
00010000010 100010000
01000000000 100010000
00000000000 100010000
01110000011 000000000
00110000011 000000000
01010000011 000000000
00010000011 000000000
01010000011 000000000
00010000011 000000000
01010000011 000000000
00010000011 000000000
01010000011 100011000
00010000011 100011000
01000000000 100011000
00000000000 100011000
01110000100 000000000
00110000100 000000000
01010000100 000000000
00010000100 000000000
01010000100 000000000
00010000100 000000000
01010000100 000000000
00010000100 000000000
01010000100 100100000
00010000100 100100000
01000000000 100100000
00000000000 100100000
01110000101 000000000
00110000101 000000000
01010000101 000000000
00010000101 000000000
01010000101 000000000
00010000101 000000000
01010000101 000000000
00010000101 000000000
01010000101 100101000
00010000101 100101000
01000000000 100101000
00000000000 100101000
01001100111 000000000
00001100111 000000000
01001100111 000000000
00001100111 000000000
01110000110 000000000
00110000110 000000000
01010000110 000000000
00010000110 000000000
01010000110 000000000
00010000110 000000000
01010000110 000000000
00010000110 000000000
01010000110 100110000
00010000110 100110000
01000000000 100110000
00000000000 100110000
01110000111 000000000
00110000111 000000000
01010000111 000000000
00010000111 000000000
01010000111 000000000
00010000111 000000000
01010000111 000000000
00010000111 000000000
01010000111 100111000
00010000111 100111000
01000000000 100111000
00000000000 100111000
11000000000 000000000
10000000000 000000000
01110001000 000000000
00110001000 000000000
01010001000 000000000
00010001000 000000000
01010001000 000000000
00010001000 000000000
01010001000 000000000
00010001000 000000000
01010001000 101000000
00010001000 101000000
01000000000 101000000
00000000000 101000000
01110001001 000000000
00110001001 000000000
01010001001 000000000
00010001001 000000000
01010001001 000000000
00010001001 000000000
01010001001 000000000
00010001001 000000000
01010001001 101001000
00010001001 101001000
01000000000 101001000
00000000000 101001000
01110001010 000000000
00110001010 000000000
01010001010 000000000
00010001010 000000000
01010001010 000000000
00010001010 000000000
01010001010 000000000
00010001010 000000000
01010001010 101010000
00010001010 101010000
01000000000 101010000
00000000000 101010000
01110001011 000000000
00110001011 000000000
01010001011 000000000
00010001011 000000000
01010001011 000000000
00010001011 000000000
01010001011 000000000
00010001011 000000000
01010001011 101011000
00010001011 101011000
01000000000 101011000
00000000000 101011000
01110001100 000000000
00110001100 000000000
01010001100 000000000
00010001100 000000000
01010001100 000000000
00010001100 000000000
01010001100 000000000
00010001100 000000000
01010001100 101100000
00010001100 101100000
01000000000 101100000
00000000000 101100000
01110001101 000000000
00110001101 000000000
01010001101 000000000
00010001101 000000000
01010001101 000000000
00010001101 000000000
01010001101 000000000
00010001101 000000000
01010001101 101101000
00010001101 101101000
01000000000 101101000
00000000000 101101000
01110001110 000000000
00110001110 000000000
01010001110 000000000
00010001110 000000000
01010001110 000000000
00010001110 000000000
01010001110 000000000
00010001110 000000000
01010001110 101110000
00010001110 101110000
01000000000 101110000
00000000000 101110000
01110001111 000000000
00110001111 000000000
01010001111 000000000
00010001111 000000000
01010001111 000000000
00010001111 000000000
01010001111 000000000
00010001111 000000000
01010001111 101111000
00010001111 101111000
01000000000 101111000
00000000000 101111000
01110010000 000000000
00110010000 000000000
01010010000 000000000
00010010000 000000000
01010010000 000000000
00010010000 000000000
01010010000 000000000
00010010000 000000000
01010010000 100000000
00010010000 100000000
01000000000 100000000
00000000000 100000000
01110010001 000000000
00110010001 000000000
01010010001 000000000
00010010001 000000000
01010010001 000000000
00010010001 000000000
01010010001 000000000
00010010001 000000000
01010010001 100001001
00010010001 100001001
01000000000 100001001
00000000000 100001001
01110010010 000000000
00110010010 000000000
01010010010 000000000
00010010010 000000000
01010010010 000000000
00010010010 000000000
01010010010 000000000
00010010010 000000000
01010010010 100010010
00010010010 100010010
01000000000 100010010
00000000000 100010010
01110010011 000000000
00110010011 000000000
01010010011 000000000
00010010011 000000000
01010010011 000000000
00010010011 000000000
01010010011 000000000
00010010011 000000000
01010010011 100011011
00010010011 100011011
01000000000 100011011
00000000000 100011011
01110010100 000000000
00110010100 000000000
01010010100 000000000
00010010100 000000000
01010010100 000000000
00010010100 000000000
01010010100 000000000
00010010100 000000000
01010010100 100100100
00010010100 100100100
01000000000 100100100
00000000000 100100100
01001100111 000000000
00001100111 000000000
01001100111 000000000
00001100111 000000000
01110010101 000000000
00110010101 000000000
01010010101 000000000
00010010101 000000000
01010010101 000000000
00010010101 000000000
01010010101 000000000
00010010101 000000000
01010010101 100101101
00010010101 100101101
01000000000 100101101
00000000000 100101101
01110010110 000000000
00110010110 000000000
01010010110 000000000
00010010110 000000000
01010010110 000000000
00010010110 000000000
01010010110 000000000
00010010110 000000000
01010010110 100110110
00010010110 100110110
01000000000 100110110
00000000000 100110110
11000000000 000000000
10000000000 000000000
01110010111 000000000
00110010111 000000000
01010010111 000000000
00010010111 000000000
01010010111 000000000
00010010111 000000000
01010010111 000000000
00010010111 000000000
01010010111 100111111
00010010111 100111111
01000000000 100111111
00000000000 100111111
01110011000 000000000
00110011000 000000000
01010011000 000000000
00010011000 000000000
01010011000 000000000
00010011000 000000000
01010011000 000000000
00010011000 000000000
01010011000 101001000
00010011000 101001000
01000000000 101001000
00000000000 101001000
01110011001 000000000
00110011001 000000000
01010011001 000000000
00010011001 000000000
01010011001 000000000
00010011001 000000000
01010011001 000000000
00010011001 000000000
01010011001 101010001
00010011001 101010001
01000000000 101010001
00000000000 101010001
01110011010 000000000
00110011010 000000000
01010011010 000000000
00010011010 000000000
01010011010 000000000
00010011010 000000000
01010011010 000000000
00010011010 000000000
01010011010 101011010
00010011010 101011010
01000000000 101011010
00000000000 101011010
01110011011 000000000
00110011011 000000000
01010011011 000000000
00010011011 000000000
01010011011 000000000
00010011011 000000000
01010011011 000000000
00010011011 000000000
01010011011 101100011
00010011011 101100011
01000000000 101100011
00000000000 101100011
01110011100 000000000
00110011100 000000000
01010011100 000000000
00010011100 000000000
01010011100 000000000
00010011100 000000000
01010011100 000000000
00010011100 000000000
01010011100 101101100
00010011100 101101100
01000000000 101101100
00000000000 101101100
01110011101 000000000
00110011101 000000000
01010011101 000000000
00010011101 000000000
01010011101 000000000
00010011101 000000000
01010011101 000000000
00010011101 000000000
01010011101 101110101
00010011101 101110101
01000000000 101110101
00000000000 101110101
01110011110 000000000
00110011110 000000000
01010011110 000000000
00010011110 000000000
01010011110 000000000
00010011110 000000000
01010011110 000000000
00010011110 000000000
01010011110 101111110
00010011110 101111110
01000000000 101111110
00000000000 101111110
01110011111 000000000
00110011111 000000000
01010011111 000000000
00010011111 000000000
01010011111 000000000
00010011111 000000000
01010011111 000000000
00010011111 000000000
01010011111 110000111
00010011111 110000111
01000000000 110000111
00000000000 110000111
01110100000 000000000
00110100000 000000000
01010100000 000000000
00010100000 000000000
01010100000 000000000
00010100000 000000000
01010100000 000000000
00010100000 000000000
01010100000 100000000
00010100000 100000000
01000000000 100000000
00000000000 100000000
01110100001 000000000
00110100001 000000000
01010100001 000000000
00010100001 000000000
01010100001 000000000
00010100001 000000000
01010100001 000000000
00010100001 000000000
01010100001 100001010
00010100001 100001010
01000000000 100001010
00000000000 100001010
01110100010 000000000
00110100010 000000000
01010100010 000000000
00010100010 000000000
01010100010 000000000
00010100010 000000000
01010100010 000000000
00010100010 000000000
01010100010 100010100
00010100010 100010100
01000000000 100010100
00000000000 100010100
01110100011 000000000
00110100011 000000000
01010100011 000000000
00010100011 000000000
01010100011 000000000
00010100011 000000000
01010100011 000000000
00010100011 000000000
01010100011 100011110
00010100011 100011110
01000000000 100011110
00000000000 100011110
01001100111 000000000
00001100111 000000000
01001100111 000000000
00001100111 000000000
01110100100 000000000
00110100100 000000000
01010100100 000000000
00010100100 000000000
01010100100 000000000
00010100100 000000000
01010100100 000000000
00010100100 000000000
01010100100 100101000
00010100100 100101000
01000000000 100101000
00000000000 100101000
01110100101 000000000
00110100101 000000000
01010100101 000000000
00010100101 000000000
01010100101 000000000
00010100101 000000000
01010100101 000000000
00010100101 000000000
01010100101 100110010
00010100101 100110010
01000000000 100110010
00000000000 100110010
11000000000 000000000
10000000000 000000000
01110100110 000000000
00110100110 000000000
01010100110 000000000
00010100110 000000000
01010100110 000000000
00010100110 000000000
01010100110 000000000
00010100110 000000000
01010100110 100111100
00010100110 100111100
01000000000 100111100
00000000000 100111100
01110100111 000000000
00110100111 000000000
01010100111 000000000
00010100111 000000000
01010100111 000000000
00010100111 000000000
01010100111 000000000
00010100111 000000000
01010100111 101000110
00010100111 101000110
01000000000 101000110
00000000000 101000110
01110101000 000000000
00110101000 000000000
01010101000 000000000
00010101000 000000000
01010101000 000000000
00010101000 000000000
01010101000 000000000
00010101000 000000000
01010101000 101010000
00010101000 101010000
01000000000 101010000
00000000000 101010000
01110101001 000000000
00110101001 000000000
01010101001 000000000
00010101001 000000000
01010101001 000000000
00010101001 000000000
01010101001 000000000
00010101001 000000000
01010101001 101011010
00010101001 101011010
01000000000 101011010
00000000000 101011010
01110101010 000000000
00110101010 000000000
01010101010 000000000
00010101010 000000000
01010101010 000000000
00010101010 000000000
01010101010 000000000
00010101010 000000000
01010101010 101100100
00010101010 101100100
01000000000 101100100
00000000000 101100100
01110101011 000000000
00110101011 000000000
01010101011 000000000
00010101011 000000000
01010101011 000000000
00010101011 000000000
01010101011 000000000
00010101011 000000000
01010101011 101101110
00010101011 101101110
01000000000 101101110
00000000000 101101110
01110101100 000000000
00110101100 000000000
01010101100 000000000
00010101100 000000000
01010101100 000000000
00010101100 000000000
01010101100 000000000
00010101100 000000000
01010101100 101111000
00010101100 101111000
01000000000 101111000
00000000000 101111000
01110101101 000000000
00110101101 000000000
01010101101 000000000
00010101101 000000000
01010101101 000000000
00010101101 000000000
01010101101 000000000
00010101101 000000000
01010101101 110000010
00010101101 110000010
01000000000 110000010
00000000000 110000010
01110101110 000000000
00110101110 000000000
01010101110 000000000
00010101110 000000000
01010101110 000000000
00010101110 000000000
01010101110 000000000
00010101110 000000000
01010101110 110001100
00010101110 110001100
01000000000 110001100
00000000000 110001100
01110101111 000000000
00110101111 000000000
01010101111 000000000
00010101111 000000000
01010101111 000000000
00010101111 000000000
01010101111 000000000
00010101111 000000000
01010101111 110010110
00010101111 110010110
01000000000 110010110
00000000000 110010110
01110110000 000000000
00110110000 000000000
01010110000 000000000
00010110000 000000000
01010110000 000000000
00010110000 000000000
01010110000 000000000
00010110000 000000000
01010110000 100000000
00010110000 100000000
01000000000 100000000
00000000000 100000000
01110110001 000000000
00110110001 000000000
01010110001 000000000
00010110001 000000000
01010110001 000000000
00010110001 000000000
01010110001 000000000
00010110001 000000000
01010110001 100001011
00010110001 100001011
01000000000 100001011
00000000000 100001011
01110110010 000000000
00110110010 000000000
01010110010 000000000
00010110010 000000000
01010110010 000000000
00010110010 000000000
01010110010 000000000
00010110010 000000000
01010110010 100010110
00010110010 100010110
01000000000 100010110
00000000000 100010110
01001100111 000000000
00001100111 000000000
01001100111 000000000
00001100111 000000000
01110110011 000000000
00110110011 000000000
01010110011 000000000
00010110011 000000000
01010110011 000000000
00010110011 000000000
01010110011 000000000
00010110011 000000000
01010110011 100100001
00010110011 100100001
01000000000 100100001
00000000000 100100001
01110110100 000000000
00110110100 000000000
01010110100 000000000
00010110100 000000000
01010110100 000000000
00010110100 000000000
01010110100 000000000
00010110100 000000000
01010110100 100101100
00010110100 100101100
01000000000 100101100
00000000000 100101100
11000000000 000000000
10000000000 000000000
01110110101 000000000
00110110101 000000000
01010110101 000000000
00010110101 000000000
01010110101 000000000
00010110101 000000000
01010110101 000000000
00010110101 000000000
01010110101 100110111
00010110101 100110111
01000000000 100110111
00000000000 100110111
01110110110 000000000
00110110110 000000000
01010110110 000000000
00010110110 000000000
01010110110 000000000
00010110110 000000000
01010110110 000000000
00010110110 000000000
01010110110 101000010
00010110110 101000010
01000000000 101000010
00000000000 101000010
01110110111 000000000
00110110111 000000000
01010110111 000000000
00010110111 000000000
01010110111 000000000
00010110111 000000000
01010110111 000000000
00010110111 000000000
01010110111 101001101
00010110111 101001101
01000000000 101001101
00000000000 101001101
01110111000 000000000
00110111000 000000000
01010111000 000000000
00010111000 000000000
01010111000 000000000
00010111000 000000000
01010111000 000000000
00010111000 000000000
01010111000 101011000
00010111000 101011000
01000000000 101011000
00000000000 101011000
01110111001 000000000
00110111001 000000000
01010111001 000000000
00010111001 000000000
01010111001 000000000
00010111001 000000000
01010111001 000000000
00010111001 000000000
01010111001 101100011
00010111001 101100011
01000000000 101100011
00000000000 101100011
01110111010 000000000
00110111010 000000000
01010111010 000000000
00010111010 000000000
01010111010 000000000
00010111010 000000000
01010111010 000000000
00010111010 000000000
01010111010 101101110
00010111010 101101110
01000000000 101101110
00000000000 101101110
01110111011 000000000
00110111011 000000000
01010111011 000000000
00010111011 000000000
01010111011 000000000
00010111011 000000000
01010111011 000000000
00010111011 000000000
01010111011 101111001
00010111011 101111001
01000000000 101111001
00000000000 101111001
01110111100 000000000
00110111100 000000000
01010111100 000000000
00010111100 000000000
01010111100 000000000
00010111100 000000000
01010111100 000000000
00010111100 000000000
01010111100 110000100
00010111100 110000100
01000000000 110000100
00000000000 110000100
01110111101 000000000
00110111101 000000000
01010111101 000000000
00010111101 000000000
01010111101 000000000
00010111101 000000000
01010111101 000000000
00010111101 000000000
01010111101 110001111
00010111101 110001111
01000000000 110001111
00000000000 110001111
01110111110 000000000
00110111110 000000000
01010111110 000000000
00010111110 000000000
01010111110 000000000
00010111110 000000000
01010111110 000000000
00010111110 000000000
01010111110 110011010
00010111110 110011010
01000000000 110011010
00000000000 110011010
01110111111 000000000
00110111111 000000000
01010111111 000000000
00010111111 000000000
01010111111 000000000
00010111111 000000000
01010111111 000000000
00010111111 000000000
01010111111 110100101
00010111111 110100101
01000000000 110100101
00000000000 110100101
01111000000 000000000
00111000000 000000000
01011000000 000000000
00011000000 000000000
01011000000 000000000
00011000000 000000000
01011000000 000000000
00011000000 000000000
01011000000 100000000
00011000000 100000000
01000000000 100000000
00000000000 100000000
01111000001 000000000
00111000001 000000000
01011000001 000000000
00011000001 000000000
01011000001 000000000
00011000001 000000000
01011000001 000000000
00011000001 000000000
01011000001 100001100
00011000001 100001100
01000000000 100001100
00000000000 100001100
01001100111 000000000
00001100111 000000000
01001100111 000000000
00001100111 000000000
01111000010 000000000
00111000010 000000000
01011000010 000000000
00011000010 000000000
01011000010 000000000
00011000010 000000000
01011000010 000000000
00011000010 000000000
01011000010 100011000
00011000010 100011000
01000000000 100011000
00000000000 100011000
01111000011 000000000
00111000011 000000000
01011000011 000000000
00011000011 000000000
01011000011 000000000
00011000011 000000000
01011000011 000000000
00011000011 000000000
01011000011 100100100
00011000011 100100100
01000000000 100100100
00000000000 100100100
11000000000 000000000
10000000000 000000000
01111000100 000000000
00111000100 000000000
01011000100 000000000
00011000100 000000000
01011000100 000000000
00011000100 000000000
01011000100 000000000
00011000100 000000000
01011000100 100110000
00011000100 100110000
01000000000 100110000
00000000000 100110000
01111000101 000000000
00111000101 000000000
01011000101 000000000
00011000101 000000000
01011000101 000000000
00011000101 000000000
01011000101 000000000
00011000101 000000000
01011000101 100111100
00011000101 100111100
01000000000 100111100
00000000000 100111100
01111000110 000000000
00111000110 000000000
01011000110 000000000
00011000110 000000000
01011000110 000000000
00011000110 000000000
01011000110 000000000
00011000110 000000000
01011000110 101001000
00011000110 101001000
01000000000 101001000
00000000000 101001000
01111000111 000000000
00111000111 000000000
01011000111 000000000
00011000111 000000000
01011000111 000000000
00011000111 000000000
01011000111 000000000
00011000111 000000000
01011000111 101010100
00011000111 101010100
01000000000 101010100
00000000000 101010100
01111001000 000000000
00111001000 000000000
01011001000 000000000
00011001000 000000000
01011001000 000000000
00011001000 000000000
01011001000 000000000
00011001000 000000000
01011001000 101100000
00011001000 101100000
01000000000 101100000
00000000000 101100000
01111001001 000000000
00111001001 000000000
01011001001 000000000
00011001001 000000000
01011001001 000000000
00011001001 000000000
01011001001 000000000
00011001001 000000000
01011001001 101101100
00011001001 101101100
01000000000 101101100
00000000000 101101100
01111001010 000000000
00111001010 000000000
01011001010 000000000
00011001010 000000000
01011001010 000000000
00011001010 000000000
01011001010 000000000
00011001010 000000000
01011001010 101111000
00011001010 101111000
01000000000 101111000
00000000000 101111000
01111001011 000000000
00111001011 000000000
01011001011 000000000
00011001011 000000000
01011001011 000000000
00011001011 000000000
01011001011 000000000
00011001011 000000000
01011001011 110000100
00011001011 110000100
01000000000 110000100
00000000000 110000100
01111001100 000000000
00111001100 000000000
01011001100 000000000
00011001100 000000000
01011001100 000000000
00011001100 000000000
01011001100 000000000
00011001100 000000000
01011001100 110010000
00011001100 110010000
01000000000 110010000
00000000000 110010000
01111001101 000000000
00111001101 000000000
01011001101 000000000
00011001101 000000000
01011001101 000000000
00011001101 000000000
01011001101 000000000
00011001101 000000000
01011001101 110011100
00011001101 110011100
01000000000 110011100
00000000000 110011100
01111001110 000000000
00111001110 000000000
01011001110 000000000
00011001110 000000000
01011001110 000000000
00011001110 000000000
01011001110 000000000
00011001110 000000000
01011001110 110101000
00011001110 110101000
01000000000 110101000
00000000000 110101000
01111001111 000000000
00111001111 000000000
01011001111 000000000
00011001111 000000000
01011001111 000000000
00011001111 000000000
01011001111 000000000
00011001111 000000000
01011001111 110110100
00011001111 110110100
01000000000 110110100
00000000000 110110100
01111010000 000000000
00111010000 000000000
01011010000 000000000
00011010000 000000000
01011010000 000000000
00011010000 000000000
01011010000 000000000
00011010000 000000000
01011010000 100000000
00011010000 100000000
01000000000 100000000
00000000000 100000000
01001100111 000000000
00001100111 000000000
01001100111 000000000
00001100111 000000000
01111010001 000000000
00111010001 000000000
01011010001 000000000
00011010001 000000000
01011010001 000000000
00011010001 000000000
01011010001 000000000
00011010001 000000000
01011010001 100001101
00011010001 100001101
01000000000 100001101
00000000000 100001101
01111010010 000000000
00111010010 000000000
01011010010 000000000
00011010010 000000000
01011010010 000000000
00011010010 000000000
01011010010 000000000
00011010010 000000000
01011010010 100011010
00011010010 100011010
01000000000 100011010
00000000000 100011010
11000000000 000000000
10000000000 000000000
01111010011 000000000
00111010011 000000000
01011010011 000000000
00011010011 000000000
01011010011 000000000
00011010011 000000000
01011010011 000000000
00011010011 000000000
01011010011 100100111
00011010011 100100111
01000000000 100100111
00000000000 100100111
01111010100 000000000
00111010100 000000000
01011010100 000000000
00011010100 000000000
01011010100 000000000
00011010100 000000000
01011010100 000000000
00011010100 000000000
01011010100 100110100
00011010100 100110100
01000000000 100110100
00000000000 100110100
01111010101 000000000
00111010101 000000000
01011010101 000000000
00011010101 000000000
01011010101 000000000
00011010101 000000000
01011010101 000000000
00011010101 000000000
01011010101 101000001
00011010101 101000001
01000000000 101000001
00000000000 101000001
01111010110 000000000
00111010110 000000000
01011010110 000000000
00011010110 000000000
01011010110 000000000
00011010110 000000000
01011010110 000000000
00011010110 000000000
01011010110 101001110
00011010110 101001110
01000000000 101001110
00000000000 101001110
01111010111 000000000
00111010111 000000000
01011010111 000000000
00011010111 000000000
01011010111 000000000
00011010111 000000000
01011010111 000000000
00011010111 000000000
01011010111 101011011
00011010111 101011011
01000000000 101011011
00000000000 101011011
01111011000 000000000
00111011000 000000000
01011011000 000000000
00011011000 000000000
01011011000 000000000
00011011000 000000000
01011011000 000000000
00011011000 000000000
01011011000 101101000
00011011000 101101000
01000000000 101101000
00000000000 101101000
01111011001 000000000
00111011001 000000000
01011011001 000000000
00011011001 000000000
01011011001 000000000
00011011001 000000000
01011011001 000000000
00011011001 000000000
01011011001 101110101
00011011001 101110101
01000000000 101110101
00000000000 101110101
01111011010 000000000
00111011010 000000000
01011011010 000000000
00011011010 000000000
01011011010 000000000
00011011010 000000000
01011011010 000000000
00011011010 000000000
01011011010 110000010
00011011010 110000010
01000000000 110000010
00000000000 110000010
01111011011 000000000
00111011011 000000000
01011011011 000000000
00011011011 000000000
01011011011 000000000
00011011011 000000000
01011011011 000000000
00011011011 000000000
01011011011 110001111
00011011011 110001111
01000000000 110001111
00000000000 110001111
01111011100 000000000
00111011100 000000000
01011011100 000000000
00011011100 000000000
01011011100 000000000
00011011100 000000000
01011011100 000000000
00011011100 000000000
01011011100 110011100
00011011100 110011100
01000000000 110011100
00000000000 110011100
01111011101 000000000
00111011101 000000000
01011011101 000000000
00011011101 000000000
01011011101 000000000
00011011101 000000000
01011011101 000000000
00011011101 000000000
01011011101 110101001
00011011101 110101001
01000000000 110101001
00000000000 110101001
01111011110 000000000
00111011110 000000000
01011011110 000000000
00011011110 000000000
01011011110 000000000
00011011110 000000000
01011011110 000000000
00011011110 000000000
01011011110 110110110
00011011110 110110110
01000000000 110110110
00000000000 110110110
01111011111 000000000
00111011111 000000000
01011011111 000000000
00011011111 000000000
01011011111 000000000
00011011111 000000000
01011011111 000000000
00011011111 000000000
01011011111 111000011
00011011111 111000011
01000000000 111000011
00000000000 111000011
01111100000 000000000
00111100000 000000000
01011100000 000000000
00011100000 000000000
01011100000 000000000
00011100000 000000000
01011100000 000000000
00011100000 000000000
01011100000 100000000
00011100000 100000000
01000000000 100000000
00000000000 100000000
01111100001 000000000
00111100001 000000000
01011100001 000000000
00011100001 000000000
01011100001 000000000
00011100001 000000000
01011100001 000000000
00011100001 000000000
01011100001 100001110
00011100001 100001110
01000000000 100001110
00000000000 100001110
11000000000 000000000
10000000000 000000000
01111100010 000000000
00111100010 000000000
01011100010 000000000
00011100010 000000000
01011100010 000000000
00011100010 000000000
01011100010 000000000
00011100010 000000000
01011100010 100011100
00011100010 100011100
01000000000 100011100
00000000000 100011100
01111100011 000000000
00111100011 000000000
01011100011 000000000
00011100011 000000000
01011100011 000000000
00011100011 000000000
01011100011 000000000
00011100011 000000000
01011100011 100101010
00011100011 100101010
01000000000 100101010
00000000000 100101010
01111100100 000000000
00111100100 000000000
01011100100 000000000
00011100100 000000000
01011100100 000000000
00011100100 000000000
01011100100 000000000
00011100100 000000000
01011100100 100111000
00011100100 100111000
01000000000 100111000
00000000000 100111000
01111100101 000000000
00111100101 000000000
01011100101 000000000
00011100101 000000000
01011100101 000000000
00011100101 000000000
01011100101 000000000
00011100101 000000000
01011100101 101000110
00011100101 101000110
01000000000 101000110
00000000000 101000110
01111100110 000000000
00111100110 000000000
01011100110 000000000
00011100110 000000000
01011100110 000000000
00011100110 000000000
01011100110 000000000
00011100110 000000000
01011100110 101010100
00011100110 101010100
01000000000 101010100
00000000000 101010100
01111100111 000000000
00111100111 000000000
01011100111 000000000
00011100111 000000000
01011100111 000000000
00011100111 000000000
01011100111 000000000
00011100111 000000000
01011100111 101100010
00011100111 101100010
01000000000 101100010
00000000000 101100010
01111101000 000000000
00111101000 000000000
01011101000 000000000
00011101000 000000000
01011101000 000000000
00011101000 000000000
01011101000 000000000
00011101000 000000000
01011101000 101110000
00011101000 101110000
01000000000 101110000
00000000000 101110000
01111101001 000000000
00111101001 000000000
01011101001 000000000
00011101001 000000000
01011101001 000000000
00011101001 000000000
01011101001 000000000
00011101001 000000000
01011101001 101111110
00011101001 101111110
01000000000 101111110
00000000000 101111110
01111101010 000000000
00111101010 000000000
01011101010 000000000
00011101010 000000000
01011101010 000000000
00011101010 000000000
01011101010 000000000
00011101010 000000000
01011101010 110001100
00011101010 110001100
01000000000 110001100
00000000000 110001100
01111101011 000000000
00111101011 000000000
01011101011 000000000
00011101011 000000000
01011101011 000000000
00011101011 000000000
01011101011 000000000
00011101011 000000000
01011101011 110011010
00011101011 110011010
01000000000 110011010
00000000000 110011010
01111101100 000000000
00111101100 000000000
01011101100 000000000
00011101100 000000000
01011101100 000000000
00011101100 000000000
01011101100 000000000
00011101100 000000000
01011101100 110101000
00011101100 110101000
01000000000 110101000
00000000000 110101000
01111101101 000000000
00111101101 000000000
01011101101 000000000
00011101101 000000000
01011101101 000000000
00011101101 000000000
01011101101 000000000
00011101101 000000000
01011101101 110110110
00011101101 110110110
01000000000 110110110
00000000000 110110110
01111101110 000000000
00111101110 000000000
01011101110 000000000
00011101110 000000000
01011101110 000000000
00011101110 000000000
01011101110 000000000
00011101110 000000000
01011101110 111000100
00011101110 111000100
01000000000 111000100
00000000000 111000100
01111101111 000000000
00111101111 000000000
01011101111 000000000
00011101111 000000000
01011101111 000000000
00011101111 000000000
01011101111 000000000
00011101111 000000000
01011101111 111010010
00011101111 111010010
01000000000 111010010
00000000000 111010010
01111110000 000000000
00111110000 000000000
01011110000 000000000
00011110000 000000000
01011110000 000000000
00011110000 000000000
01011110000 000000000
00011110000 000000000
01011110000 100000000
00011110000 100000000
01000000000 100000000
00000000000 100000000
11000000000 000000000
10000000000 000000000
01111110001 000000000
00111110001 000000000
01011110001 000000000
00011110001 000000000
01011110001 000000000
00011110001 000000000
01011110001 000000000
00011110001 000000000
01011110001 100001111
00011110001 100001111
01000000000 100001111
00000000000 100001111
01111110010 000000000
00111110010 000000000
01011110010 000000000
00011110010 000000000
01011110010 000000000
00011110010 000000000
01011110010 000000000
00011110010 000000000
01011110010 100011110
00011110010 100011110
01000000000 100011110
00000000000 100011110
01111110011 000000000
00111110011 000000000
01011110011 000000000
00011110011 000000000
01011110011 000000000
00011110011 000000000
01011110011 000000000
00011110011 000000000
01011110011 100101101
00011110011 100101101
01000000000 100101101
00000000000 100101101
01111110100 000000000
00111110100 000000000
01011110100 000000000
00011110100 000000000
01011110100 000000000
00011110100 000000000
01011110100 000000000
00011110100 000000000
01011110100 100111100
00011110100 100111100
01000000000 100111100
00000000000 100111100
01111110101 000000000
00111110101 000000000
01011110101 000000000
00011110101 000000000
01011110101 000000000
00011110101 000000000
01011110101 000000000
00011110101 000000000
01011110101 101001011
00011110101 101001011
01000000000 101001011
00000000000 101001011
01111110110 000000000
00111110110 000000000
01011110110 000000000
00011110110 000000000
01011110110 000000000
00011110110 000000000
01011110110 000000000
00011110110 000000000
01011110110 101011010
00011110110 101011010
01000000000 101011010
00000000000 101011010
01111110111 000000000
00111110111 000000000
01011110111 000000000
00011110111 000000000
01011110111 000000000
00011110111 000000000
01011110111 000000000
00011110111 000000000
01011110111 101101001
00011110111 101101001
01000000000 101101001
00000000000 101101001
01111111000 000000000
00111111000 000000000
01011111000 000000000
00011111000 000000000
01011111000 000000000
00011111000 000000000
01011111000 000000000
00011111000 000000000
01011111000 101111000
00011111000 101111000
01000000000 101111000
00000000000 101111000
01111111001 000000000
00111111001 000000000
01011111001 000000000
00011111001 000000000
01011111001 000000000
00011111001 000000000
01011111001 000000000
00011111001 000000000
01011111001 110000111
00011111001 110000111
01000000000 110000111
00000000000 110000111
01111111010 000000000
00111111010 000000000
01011111010 000000000
00011111010 000000000
01011111010 000000000
00011111010 000000000
01011111010 000000000
00011111010 000000000
01011111010 110010110
00011111010 110010110
01000000000 110010110
00000000000 110010110
01111111011 000000000
00111111011 000000000
01011111011 000000000
00011111011 000000000
01011111011 000000000
00011111011 000000000
01011111011 000000000
00011111011 000000000
01011111011 110100101
00011111011 110100101
01000000000 110100101
00000000000 110100101
01111111100 000000000
00111111100 000000000
01011111100 000000000
00011111100 000000000
01011111100 000000000
00011111100 000000000
01011111100 000000000
00011111100 000000000
01011111100 110110100
00011111100 110110100
01000000000 110110100
00000000000 110110100
01111111101 000000000
00111111101 000000000
01011111101 000000000
00011111101 000000000
01011111101 000000000
00011111101 000000000
01011111101 000000000
00011111101 000000000
01011111101 111000011
00011111101 111000011
01000000000 111000011
00000000000 111000011
01111111110 000000000
00111111110 000000000
01011111110 000000000
00011111110 000000000
01011111110 000000000
00011111110 000000000
01011111110 000000000
00011111110 000000000
01011111110 111010010
00011111110 111010010
01000000000 111010010
00000000000 111010010
01111111111 000000000
00111111111 000000000
01011111111 000000000
00011111111 000000000
01011111111 000000000
00011111111 000000000
01011111111 000000000
00011111111 000000000
01011111111 111100001
00011111111 111100001
01000000000 111100001
00000000000 111100001
