10000000000 000000000000
11000000000 000000000000
00110000000 000000000000
01110000000 000000001110
00010000000 000000001110
01010000000 000000000110
00110000000 000000000110
01110000000 000000000010
00110000000 000000000010
01110000000 000000000010
00110000000 000000000010
01110000000 000000000010
00110000000 000000000010
01110000000 000000000010
00010000000 000000000010
01010000000 000000000010
00010000000 000000000010
01010000000 000000000110
00110000000 000000000110
01110000000 000000001110
00110000000 000000001110
01110000000 000000000110
00010000000 000000000110
01010000000 000000000100
00110000000 000000000100
01110000000 000000000100
00011101011 000000000100
01011101011 000000000100
00111101011 000000000100
01111101011 000000000100
00111101011 000000000100
01111101011 000000000101
00111101011 111101010101
01111101011 111101010110
00111101011 111101010110
01111101011 111101011110
00111101011 111101011110
01111101011 111101011110
00011101011 111101011110
01011101011 111101011110
00011101011 111101011110
01011101011 111101011110
00011101011 111101011110
01011101011 111101011110
00011101011 111101011110
01011101011 111101011110
00011101011 111101011110
01011101011 111101011110
00011101011 111101011110
01011101011 111101011110
00011110100 111101011110
01011110100 111101011110
00011110100 111101011110
01011110100 111101011110
00011110100 111101011110
01011110100 111101011110
00011110100 111101011110
01011110100 111101011110
00011110100 111101011110
01011110100 111101011110
00011110100 111101011110
01011110100 111101011110
00011110100 111101011110
01011110100 111101011110
00011110100 111101011110
01011110100 111101011110
00111110100 111101011110
01111110100 111101011110
00111110100 111101011110
01111110100 111101011110
00111110100 111101011110
01111110100 111101011110
00111110100 111101011110
01111110100 111101011110
00110010010 111101011110
01110010010 111101011110
00110010010 111101011110
01110010010 111101011110
00110010010 111101011110
01110010010 111101011110
00110010010 111101011110
01110010010 111101011110
00110010010 111101011110
01110010010 111101011110
00110010010 111101011110
01110010010 111101011110
00110010010 111101011110
01110010010 111101011110
00110010010 111101011110
01110010010 111101011110
00110010010 111101011110
01110010010 111101011110
00110010010 111101011110
01110010010 111101011110
00110010010 111101011110
01110010010 111101011110
00110010010 111101011110
01110010010 111101011110
00100011111 111101011110
01100011111 111101011110
00100011111 111101011110
01100011111 111101011110
00100011111 111101011110
01100011111 111101011110
00000011111 111101011110
01000011111 111101011110
00000011111 111101011110
01000011111 111101011110
00000011111 111101011110
01000011111 111101011110
00000011111 111101011110
01000011111 111101011110
00000011111 111101011110
01000011111 111101011110
00100011111 111101011110
01100011111 111101011110
00000011111 111101011110
01000011111 111101011110
00100011111 111101011110
01100011111 111101011110
00100011111 111101011110
01100011111 111101011110
00000000101 111101011110
01000000101 111101011110
00000000101 111101011110
01000000101 111101011110
00000000101 111101011110
01000000101 111101011110
00100000101 111101011110
01100000101 111101011110
00100000101 111101011110
01100000101 111101011110
00100000101 111101011110
01100000101 111101011110
00100000101 111101011110
01100000101 111101011110
00100000101 111101011110
01100000101 111101011110
00100000101 111101011110
01100000101 111101011110
00100000101 111101011110
01100000101 111101011110
00100000101 111101011110
01100000101 111101011110
00100000101 111101011110
01100000101 111101011110
00101011100 111101011110
01101011100 111101011110
00101011100 111101011110
01101011100 111101011110
00101011100 111101011110
01101011100 111101011110
00001011100 111101011110
01001011100 111101011110
00001011100 111101011110
01001011100 111101011110
00001011100 111101011110
01001011100 111101011110
00001011100 111101011110
01001011100 111101011110
00001011100 111101011110
01001011100 111101011110
00001011100 111101011110
01001011100 111101011110
00001011100 111101011110
01001011100 111101011110
00001011100 111101011110
01001011100 111101011110
00001011100 111101011110
01001011100 111101011110
00011010100 111101011110
01011010100 111101011110
00011010100 111101011110
01011010100 111101011110
00011010100 111101011110
01011010100 111101011110
00011010100 111101011110
01011010100 111101011110
00011010100 111101011110
01011010100 111101011110
00111010100 111101011110
01111010100 111101011110
00111010100 111101011110
01111010100 111101011110
00111010100 111101011110
01111010100 111101011110
00111010100 111101011110
01111010100 111101011110
00111010100 111101011110
01111010100 111101011110
00111010100 111101011110
01111010100 111101011110
00111010100 111101011110
01111010100 111101011110
00111111110 111101011110
01111111110 111101011110
00111111110 111101011110
01111111110 111101011110
00111111110 111101011110
01111111110 111101011110
00111111110 111101011110
01111111110 111101011110
00111111110 111101011110
01111111110 111101011110
00111111110 111101011110
01111111110 111101011110
00111111110 111101011110
01111111110 111101011110
00011111110 111101011110
01011111110 111101011110
00011111110 111101011110
01011111110 111101011110
00011111110 111101011110
01011111110 111101011110
00111111110 111101011110
01111111110 111101011110
00111111110 111101011110
01111111110 111101011110
00110110100 111101011110
01110110100 111101011110
00010110100 111101011110
01010110100 111101011110
00110110100 111101011110
01110110100 111101011110
00010110100 111101011110
01010110100 111101011110
00110110100 111101011110
01110110100 111101011110
00110110100 111101011110
01110110100 111101011110
00110110100 111101011110
01110110100 111101011110
00110110100 111101011110
01110110100 111101011110
00110110100 111101011110
01110110100 111101011110
00110110100 111101011110
01110110100 111101011110
00110110100 111101011110
01110110100 111101011110
00110110100 111101011110
01110110100 111101011110
00100111010 111101011110
01100111010 111101011110
00100111010 111101011110
01100111010 111101011110
00100111010 111101011110
01100111010 111101011110
00100111010 111101011110
01100111010 111101011110
00100111010 111101011110
01100111010 111101011110
00000111010 111101011110
01000111010 111101011110
00000111010 111101011110
01000111010 111101011110
00000111010 111101011110
01000111010 111101011110
00000111010 111101011110
01000111010 111101011110
00000111010 111101011110
01000111010 111101011110
00000111010 111101011110
01000111010 111101011110
00000111010 111101011110
01000111010 111101011110
00000000000 111101011110
01000000000 111101011110
00000000000 111101011110
01000000000 111101011110
00000000000 111101011110
01000000000 111101011110
00000000000 111101011110
01000000000 111101011110
00000000000 111101011110
01000000000 111101011110
00000000000 111101011110
01000000000 111101011110
00000000000 111101011110
01000000000 111101011110
00100000000 111101011110
01100000000 111101011110
00100000000 111101011110
01100000000 111101011110
00100000000 111101011110
01100000000 111101011110
00100000000 111101011110
01100000000 111101011110
00100000000 111101011110
01100000000 111101011110
00100111011 111101011110
01100111011 111101011110
00100111011 111101011110
01100111011 111101011110
00100111011 111101011110
01100111011 111101011110
00100111011 111101011110
01100111011 111101011110
00100111011 111101011110
01100111011 111101011110
00100111011 111101011110
01100111011 111101011110
00100111011 111101011110
01100111011 111101011110
00100111011 111101011110
01100111011 111101011110
00000111011 111101011110
01000111011 111101011110
00100111011 111101011110
01100111011 111101011110
00000111011 111101011110
01000111011 111101011110
00000111011 111101011110
01000111011 111101011110
00110110101 111101011110
01110110101 111101011110
00010110101 111101011110
01010110101 111101011110
00110110101 111101011110
01110110101 111101011110
00010110101 111101011110
01010110101 111101011110
00110110101 111101011110
01110110101 111101011110
00010110101 111101011110
01010110101 111101011110
00010110101 111101011110
01010110101 111101011110
00110110101 111101011110
01110110101 111101011110
00110110101 111101011110
01110110101 111101011110
00110110101 111101011110
01110110101 111101011110
00110110101 111101011110
01110110101 111101011110
00110110101 111101011110
01110110101 111101011110
00111111110 111101011110
01111111110 111101011110
00111111110 111101011110
01111111110 111101011110
00111111110 111101011110
01111111110 111101011110
00011111110 111101011110
01011111110 111101011110
00011111110 111101011110
01011111110 111101011110
00011111110 111101011110
01011111110 111101011110
00011111110 111101011110
01011111110 111101011110
00011111110 111101011110
01011111110 111101011110
00011111110 111101011110
01011111110 111101011110
00011111110 111101011110
01011111110 111101011110
00011111110 111101011110
01011111110 111101011110
00011111110 111101011110
01011111110 111101011110
00011010011 111101011110
01011010011 111101011110
00011010011 111101011110
01011010011 111101011110
00011010011 111101011110
01011010011 111101011110
00011010011 111101011110
01011010011 111101011110
00011010011 111101011110
01011010011 111101011110
00111010011 111101011110
01111010011 111101011110
00111010011 111101011110
01111010011 111101011110
00111010011 111101011110
01111010011 111101011110
00111010011 111101011110
01111010011 111101011110
00111010011 111101011110
01111010011 111101011110
00111010011 111101011110
01111010011 111101011110
00111010011 111101011110
01111010011 111101011110
00101011011 111101011110
01101011011 111101011110
00101011011 111101011110
01101011011 111101011110
00101011011 111101011110
01101011011 111101011110
00101011011 111101011110
01101011011 111101011110
00101011011 111101011110
01101011011 111101011110
00101011011 111101011110
01101011011 111101011110
00101011011 111101011110
01101011011 111101011110
00101011011 111101011110
01101011011 111101011110
00001011011 111101011110
01001011011 111101011110
00001011011 111101011110
01001011011 111101011110
00001011011 111101011110
01001011011 111101011110
00101011011 111101011110
01101011011 111101011110
00100000100 111101011110
01100000100 111101011110
00100000100 111101011110
01100000100 111101011110
00000000100 111101011110
01000000100 111101011110
00100000100 111101011110
01100000100 111101011110
00000000100 111101011110
01000000100 111101011110
00100000100 111101011110
01100000100 111101011110
00000000100 111101011110
01000000100 111101011110
00100000100 111101011110
01100000100 111101011110
00100000100 111101011110
01100000100 111101011110
00100000100 111101011110
01100000100 111101011110
00100000100 111101011110
01100000100 111101011110
00100000100 111101011110
01100000100 111101011110
00000011111 111101011110
01000011111 111101011110
00000011111 111101011110
01000011111 111101011110
00000011111 111101011110
01000011111 111101011110
00000011111 111101011110
01000011111 111101011110
00000011111 111101011110
01000011111 111101011110
00000011111 111101011110
01000011111 111101011110
00000011111 111101011110
01000011111 111101011110
00000011111 111101011110
01000011111 111101011110
00000011111 111101011110
01000011111 111101011110
00000011111 111101011110
01000011111 111101011110
00000011111 111101011110
01000011111 111101011110
00000011111 111101011110
01000011111 111101011110
00010010011 111101011110
01010010011 111101011110
00010010011 111101011110
01010010011 111101011110
00110010011 111101011110
01110010011 111101011110
00110010011 111101011110
01110010011 111101011110
00110010011 111101011110
01110010011 111101011110
00110010011 111101011110
01110010011 111101011110
00110010011 111101011110
01110010011 111101011110
00110010011 111101011110
01110010011 111101011110
00110010011 111101011110
01110010011 111101011110
00110010011 111101011110
01110010011 111101011110
00110010011 111101011110
01110010011 111101011110
00110010011 111101011110
01110010011 111101011110
00111110100 111101011110
01111110100 111101011110
00111110100 111101011110
01111110100 111101011110
00111110100 111101011110
01111110100 111101011110
00111110100 111101011110
01111110100 111101011110
00111110100 111101011110
01111110100 111101011110
00111110100 111101011110
01111110100 111101011110
00111110100 111101011110
01111110100 111101011110
00111110100 111101011110
01111110100 111101011110
00111110100 111101011110
01111110100 111101011110
00111110100 111101011110
01111110100 111101011110
00011110100 111101011110
01011110100 111101011110
00111110100 111101011110
01111110100 111101011110
00011101011 111101011110
01011101011 111101011110
00111101011 111101011110
01111101011 111101011110
00011101011 111101011110
01011101011 111101011110
00111101011 111101011110
01111101011 111101011110
00011101011 111101011110
01011101011 111101011110
00011101011 111101011110
01011101011 111101011110
00111101011 111101011110
01111101011 111101011110
00011101011 111101011110
01011101011 111101011110
00111101011 111101011110
01111101011 111101011110
00011101011 111101011110
01011101011 111101011110
00011101011 111101011110
01011101011 111101011110
00111101011 111101011110
01111101011 111101011110
00101111110 111101011110
01101111110 111101011110
00101111110 111101011110
01101111110 111101011110
00101111110 111101011110
01101111110 111101011110
00101111110 111101011110
01101111110 111101011110
00101111110 111101011110
01101111110 111101011110
00101111110 111101011110
01101111110 111101011110
00101111110 111101011110
01101111110 111101011110
00101111110 111101011110
01101111110 111101011110
00101111110 111101011110
01101111110 111101011110
00101111110 111101011110
01101111110 111101011110
00001111110 111101011110
01001111110 111101011110
00001111110 111101011110
01001111110 111101011110
00000010011 111101011110
01000010011 111101011110
00000010011 111101011110
01000010011 111101011110
00000010011 111101011110
01000010011 111101011110
00000010011 111101011110
01000010011 111101011110
00000010011 111101011110
01000010011 111101011110
00000010011 111101011110
01000010011 111101011110
00000010011 111101011110
01000010011 111101011110
00000010011 111101011110
01000010011 111101011110
00000010011 111101011110
01000010011 111101011110
00000010011 111101011110
01000010011 111101011110
00000010011 111101011110
01000010011 111101011110
00000010011 111101011110
01000010011 111101011110
00100001100 111101011110
01100001100 111101011110
00100001100 111101011110
01100001100 111101011110
00100001100 111101011110
01100001100 111101011110
00100001100 111101011110
01100001100 111101011110
00100001100 111101011110
01100001100 111101011110
00100001100 111101011110
01100001100 111101011110
00100001100 111101011110
01100001100 111101011110
00100001100 111101011110
01100001100 111101011110
00100001100 111101011110
01100001100 111101011110
00100001100 111101011110
01100001100 111101011110
00100001100 111101011110
01100001100 111101011110
00100001100 111101011110
01100001100 111101011110
