10000000000 000000000000
11000000000 000000000111
00110000000 000000000111
01110000000 000000000011
00010000000 000000000011
01010000000 000000000001
00110000000 000000000001
01110000000 000000000001
00110000000 000000000001
01110000000 000000000001
00110000000 000000000001
01110000000 000000000001
00110000000 000000000001
01110000000 000000000001
00010000000 000000000001
01010000000 000000000011
00010000000 000000000011
01010000000 000000000111
00110000000 000000000111
01110000000 000000000011
00110000000 000000000011
01110000000 000000000010
00010000000 000000000010
01010000000 000000000010
00110000000 000000000010
01110000000 000000000010
00011101011 000000000010
01011101011 000000000010
00111101011 000000000010
01111101011 011110101010
00111101011 011110101010
01111101011 011110101011
00111101011 011110101011
01111101011 011110101111
00111101011 011110101111
01111101011 011110101111
00111101011 011110101111
01111101011 011110101111
00011101011 011110101111
01011101011 011110101111
00011101011 011110101111
01011101011 011110101111
00011101011 011110101111
01011101011 011110101111
00011101011 011110101111
01011101011 011110101111
00011101011 011110101111
01011101011 011110101111
00011101011 011110101111
01011101011 011110101111
00011110100 011110101111
01011110100 011110101111
00011110100 011110101111
01011110100 011110101111
00011110100 011110101111
01011110100 011110101111
00011110100 011110101111
01011110100 011110101111
00011110100 011110101111
01011110100 011110101111
00011110100 011110101111
01011110100 011110101111
00011110100 011110101111
01011110100 011110101111
00011110100 011110101111
01011110100 011110101111
00111110100 011110101111
01111110100 011110101111
00111110100 011110101111
01111110100 011110101111
00111110100 011110101111
01111110100 011110101111
00111110100 011110101111
01111110100 011110101111
00110010010 011110101111
01110010010 011110101111
00110010010 011110101111
01110010010 011110101111
00110010010 011110101111
01110010010 011110101111
00110010010 011110101111
01110010010 011110101111
00110010010 011110101111
01110010010 011110101111
00110010010 011110101111
01110010010 011110101111
00110010010 011110101111
01110010010 011110101111
00110010010 011110101111
01110010010 011110101111
00110010010 011110101111
01110010010 011110101111
00110010010 011110101111
01110010010 011110101111
00110010010 011110101111
01110010010 011110101111
00110010010 011110101111
01110010010 011110101111
00100011111 011110101111
01100011111 011110101111
00100011111 011110101111
01100011111 011110101111
00100011111 011110101111
01100011111 011110101111
00000011111 011110101111
01000011111 011110101111
00000011111 011110101111
01000011111 011110101111
00000011111 011110101111
01000011111 011110101111
00000011111 011110101111
01000011111 011110101111
00000011111 011110101111
01000011111 011110101111
00100011111 011110101111
01100011111 011110101111
00000011111 011110101111
01000011111 011110101111
00100011111 011110101111
01100011111 011110101111
00100011111 011110101111
01100011111 011110101111
00000000101 011110101111
01000000101 011110101111
00000000101 011110101111
01000000101 011110101111
00000000101 011110101111
01000000101 011110101111
00100000101 011110101111
01100000101 011110101111
00100000101 011110101111
01100000101 011110101111
00100000101 011110101111
01100000101 011110101111
00100000101 011110101111
01100000101 011110101111
00100000101 011110101111
01100000101 011110101111
00100000101 011110101111
01100000101 011110101111
00100000101 011110101111
01100000101 011110101111
00100000101 011110101111
01100000101 011110101111
00100000101 011110101111
01100000101 011110101111
00101011100 011110101111
01101011100 011110101111
00101011100 011110101111
01101011100 011110101111
00101011100 011110101111
01101011100 011110101111
00001011100 011110101111
01001011100 011110101111
00001011100 011110101111
01001011100 011110101111
00001011100 011110101111
01001011100 011110101111
00001011100 011110101111
01001011100 011110101111
00001011100 011110101111
01001011100 011110101111
00001011100 011110101111
01001011100 011110101111
00001011100 011110101111
01001011100 011110101111
00001011100 011110101111
01001011100 011110101111
00001011100 011110101111
01001011100 011110101111
00011010100 011110101111
01011010100 011110101111
00011010100 011110101111
01011010100 011110101111
00011010100 011110101111
01011010100 011110101111
00011010100 011110101111
01011010100 011110101111
00011010100 011110101111
01011010100 011110101111
00111010100 011110101111
01111010100 011110101111
00111010100 011110101111
01111010100 011110101111
00111010100 011110101111
01111010100 011110101111
00111010100 011110101111
01111010100 011110101111
00111010100 011110101111
01111010100 011110101111
00111010100 011110101111
01111010100 011110101111
00111010100 011110101111
01111010100 011110101111
00111111110 011110101111
01111111110 011110101111
00111111110 011110101111
01111111110 011110101111
00111111110 011110101111
01111111110 011110101111
00111111110 011110101111
01111111110 011110101111
00111111110 011110101111
01111111110 011110101111
00111111110 011110101111
01111111110 011110101111
00111111110 011110101111
01111111110 011110101111
00011111110 011110101111
01011111110 011110101111
00011111110 011110101111
01011111110 011110101111
00011111110 011110101111
01011111110 011110101111
00111111110 011110101111
01111111110 011110101111
00111111110 011110101111
01111111110 011110101111
00110110100 011110101111
01110110100 011110101111
00010110100 011110101111
01010110100 011110101111
00110110100 011110101111
01110110100 011110101111
00010110100 011110101111
01010110100 011110101111
00110110100 011110101111
01110110100 011110101111
00110110100 011110101111
01110110100 011110101111
00110110100 011110101111
01110110100 011110101111
00110110100 011110101111
01110110100 011110101111
00110110100 011110101111
01110110100 011110101111
00110110100 011110101111
01110110100 011110101111
00110110100 011110101111
01110110100 011110101111
00110110100 011110101111
01110110100 011110101111
00100111010 011110101111
01100111010 011110101111
00100111010 011110101111
01100111010 011110101111
00100111010 011110101111
01100111010 011110101111
00100111010 011110101111
01100111010 011110101111
00100111010 011110101111
01100111010 011110101111
00000111010 011110101111
01000111010 011110101111
00000111010 011110101111
01000111010 011110101111
00000111010 011110101111
01000111010 011110101111
00000111010 011110101111
01000111010 011110101111
00000111010 011110101111
01000111010 011110101111
00000111010 011110101111
01000111010 011110101111
00000111010 011110101111
01000111010 011110101111
00000000000 011110101111
01000000000 011110101111
00000000000 011110101111
01000000000 011110101111
00000000000 011110101111
01000000000 011110101111
00000000000 011110101111
01000000000 011110101111
00000000000 011110101111
01000000000 011110101111
00000000000 011110101111
01000000000 011110101111
00000000000 011110101111
01000000000 011110101111
00100000000 011110101111
01100000000 011110101111
00100000000 011110101111
01100000000 011110101111
00100000000 011110101111
01100000000 011110101111
00100000000 011110101111
01100000000 011110101111
00100000000 011110101111
01100000000 011110101111
00100111011 011110101111
01100111011 011110101111
00100111011 011110101111
01100111011 011110101111
00100111011 011110101111
01100111011 011110101111
00100111011 011110101111
01100111011 011110101111
00100111011 011110101111
01100111011 011110101111
00100111011 011110101111
01100111011 011110101111
00100111011 011110101111
01100111011 011110101111
00100111011 011110101111
01100111011 011110101111
00000111011 011110101111
01000111011 011110101111
00100111011 011110101111
01100111011 011110101111
00000111011 011110101111
01000111011 011110101111
00000111011 011110101111
01000111011 011110101111
00110110101 011110101111
01110110101 011110101111
00010110101 011110101111
01010110101 011110101111
00110110101 011110101111
01110110101 011110101111
00010110101 011110101111
01010110101 011110101111
00110110101 011110101111
01110110101 011110101111
00010110101 011110101111
01010110101 011110101111
00010110101 011110101111
01010110101 011110101111
00110110101 011110101111
01110110101 011110101111
00110110101 011110101111
01110110101 011110101111
00110110101 011110101111
01110110101 011110101111
00110110101 011110101111
01110110101 011110101111
00110110101 011110101111
01110110101 011110101111
00111111110 011110101111
01111111110 011110101111
00111111110 011110101111
01111111110 011110101111
00111111110 011110101111
01111111110 011110101111
00011111110 011110101111
01011111110 011110101111
00011111110 011110101111
01011111110 011110101111
00011111110 011110101111
01011111110 011110101111
00011111110 011110101111
01011111110 011110101111
00011111110 011110101111
01011111110 011110101111
00011111110 011110101111
01011111110 011110101111
00011111110 011110101111
01011111110 011110101111
00011111110 011110101111
01011111110 011110101111
00011111110 011110101111
01011111110 011110101111
00011010011 011110101111
01011010011 011110101111
00011010011 011110101111
01011010011 011110101111
00011010011 011110101111
01011010011 011110101111
00011010011 011110101111
01011010011 011110101111
00011010011 011110101111
01011010011 011110101111
00111010011 011110101111
01111010011 011110101111
00111010011 011110101111
01111010011 011110101111
00111010011 011110101111
01111010011 011110101111
00111010011 011110101111
01111010011 011110101111
00111010011 011110101111
01111010011 011110101111
00111010011 011110101111
01111010011 011110101111
00111010011 011110101111
01111010011 011110101111
00101011011 011110101111
01101011011 011110101111
00101011011 011110101111
01101011011 011110101111
00101011011 011110101111
01101011011 011110101111
00101011011 011110101111
01101011011 011110101111
00101011011 011110101111
01101011011 011110101111
00101011011 011110101111
01101011011 011110101111
00101011011 011110101111
01101011011 011110101111
00101011011 011110101111
01101011011 011110101111
00001011011 011110101111
01001011011 011110101111
00001011011 011110101111
01001011011 011110101111
00001011011 011110101111
01001011011 011110101111
00101011011 011110101111
01101011011 011110101111
00100000100 011110101111
01100000100 011110101111
00100000100 011110101111
01100000100 011110101111
00000000100 011110101111
01000000100 011110101111
00100000100 011110101111
01100000100 011110101111
00000000100 011110101111
01000000100 011110101111
00100000100 011110101111
01100000100 011110101111
00000000100 011110101111
01000000100 011110101111
00100000100 011110101111
01100000100 011110101111
00100000100 011110101111
01100000100 011110101111
00100000100 011110101111
01100000100 011110101111
00100000100 011110101111
01100000100 011110101111
00100000100 011110101111
01100000100 011110101111
00000011111 011110101111
01000011111 011110101111
00000011111 011110101111
01000011111 011110101111
00000011111 011110101111
01000011111 011110101111
00000011111 011110101111
01000011111 011110101111
00000011111 011110101111
01000011111 011110101111
00000011111 011110101111
01000011111 011110101111
00000011111 011110101111
01000011111 011110101111
00000011111 011110101111
01000011111 011110101111
00000011111 011110101111
01000011111 011110101111
00000011111 011110101111
01000011111 011110101111
00000011111 011110101111
01000011111 011110101111
00000011111 011110101111
01000011111 011110101111
00010010011 011110101111
01010010011 011110101111
00010010011 011110101111
01010010011 011110101111
00110010011 011110101111
01110010011 011110101111
00110010011 011110101111
01110010011 011110101111
00110010011 011110101111
01110010011 011110101111
00110010011 011110101111
01110010011 011110101111
00110010011 011110101111
01110010011 011110101111
00110010011 011110101111
01110010011 011110101111
00110010011 011110101111
01110010011 011110101111
00110010011 011110101111
01110010011 011110101111
00110010011 011110101111
01110010011 011110101111
00110010011 011110101111
01110010011 011110101111
00111110100 011110101111
01111110100 011110101111
00111110100 011110101111
01111110100 011110101111
00111110100 011110101111
01111110100 011110101111
00111110100 011110101111
01111110100 011110101111
00111110100 011110101111
01111110100 011110101111
00111110100 011110101111
01111110100 011110101111
00111110100 011110101111
01111110100 011110101111
00111110100 011110101111
01111110100 011110101111
00111110100 011110101111
01111110100 011110101111
00111110100 011110101111
01111110100 011110101111
00011110100 011110101111
01011110100 011110101111
00111110100 011110101111
01111110100 011110101111
00011101011 011110101111
01011101011 011110101111
00111101011 011110101111
01111101011 011110101111
00011101011 011110101111
01011101011 011110101111
00111101011 011110101111
01111101011 011110101111
00011101011 011110101111
01011101011 011110101111
00011101011 011110101111
01011101011 011110101111
00111101011 011110101111
01111101011 011110101111
00011101011 011110101111
01011101011 011110101111
00111101011 011110101111
01111101011 011110101111
00011101011 011110101111
01011101011 011110101111
00011101011 011110101111
01011101011 011110101111
00111101011 011110101111
01111101011 011110101111
00101111110 011110101111
01101111110 011110101111
00101111110 011110101111
01101111110 011110101111
00101111110 011110101111
01101111110 011110101111
00101111110 011110101111
01101111110 011110101111
00101111110 011110101111
01101111110 011110101111
00101111110 011110101111
01101111110 011110101111
00101111110 011110101111
01101111110 011110101111
00101111110 011110101111
01101111110 011110101111
00101111110 011110101111
01101111110 011110101111
00101111110 011110101111
01101111110 011110101111
00001111110 011110101111
01001111110 011110101111
00001111110 011110101111
01001111110 011110101111
00000010011 011110101111
01000010011 011110101111
00000010011 011110101111
01000010011 011110101111
00000010011 011110101111
01000010011 011110101111
00000010011 011110101111
01000010011 011110101111
00000010011 011110101111
01000010011 011110101111
00000010011 011110101111
01000010011 011110101111
00000010011 011110101111
01000010011 011110101111
00000010011 011110101111
01000010011 011110101111
00000010011 011110101111
01000010011 011110101111
00000010011 011110101111
01000010011 011110101111
00000010011 011110101111
01000010011 011110101111
00000010011 011110101111
01000010011 011110101111
00100001100 011110101111
01100001100 011110101111
00100001100 011110101111
01100001100 011110101111
00100001100 011110101111
01100001100 011110101111
00100001100 011110101111
01100001100 011110101111
00100001100 011110101111
01100001100 011110101111
00100001100 011110101111
01100001100 011110101111
00100001100 011110101111
01100001100 011110101111
00100001100 011110101111
01100001100 011110101111
00100001100 011110101111
01100001100 011110101111
00100001100 011110101111
01100001100 011110101111
00100001100 011110101111
01100001100 011110101111
00100001100 011110101111
01100001100 011110101111
