10000000000 000000000000 000000000000
11000000000 000000000000 000000000000
00110000000 000000000000 000000000000
01110000000 000000000000 000000000000
00010000000 000000000000 000000000000
01010000000 000000000000 000000000000
00110000000 000000000000 000000000000
01110000000 000000000000 000000000000
00110000000 000000000000 000000000000
01110000000 000000000000 000000000000
00110000000 000000000000 000000000000
01110000000 000000000000 000000000000
00110000000 000000000000 000000000000
01110000000 000000000000 000000000000
00010000000 000000000000 000000000000
01010000000 000000000000 000000000000
00010000000 000000000000 000000000000
01010000000 000000000000 000000000000
00110000000 000000000000 000000000000
01110000000 000000000000 000000000000
00110000000 000000000000 000000000000
01110000000 000000000000 000000000000
00010000000 000000000000 000000000000
01010000000 000000000000 000000000000
00110000000 000000000000 000000000000
01110000000 000000000000 000000000000
00011101011 000000000000 000000000000
01011101011 000000000000 000000000000
00111101011 000000000000 000000000000
01111101011 000000000000 000000000000
00111101011 000000000000 000000000000
01111101011 000000000000 000000000000
00111101011 000000000000 000000000000
01111101011 000000000000 000000000000
00111101011 000000000000 000000000000
01111101011 000000000000 000000000000
00111101011 000000000000 000000000000
01111101011 000000000000 000000000000
00011101011 000000000000 000000000000
01011101011 000000000000 000000000000
00011101011 000000000000 000000000000
01011101011 000000000000 000000000000
00011101011 000000000000 000000000000
01011101011 000000000000 000000000000
00011101011 000000000000 000000000000
01011101011 000000000000 000000000000
00011101011 000000000000 000000000000
01011101011 000000000000 000000000000
00011101011 000000000000 000000000000
01011101011 000000000000 000000000000
00011110100 000000000000 000000000000
01011110100 000000000000 000000000000
00011110100 000000000000 000000000000
01011110100 000000000000 000000000000
00011110100 000000000000 000000000000
01011110100 000000000000 000000000000
00011110100 000000000000 000000000000
01011110100 000000000000 000000000000
00011110100 000000000000 000000000000
01011110100 000000000000 000000000000
00011110100 000000000000 000000000000
01011110100 000000000000 000000000000
00011110100 000000000000 000000000000
01011110100 000000000000 000000000000
00011110100 000000000000 000000000000
01011110100 000000000000 000000000000
00111110100 000000000000 000000000000
01111110100 000000000000 000000000000
00111110100 000000000000 000000000000
01111110100 000000000000 000000000000
00111110100 000000000000 000000000000
01111110100 000000000000 000000000000
00111110100 000000000000 000000000000
01111110100 000000000000 000000000000
00110010010 000000000000 000000000000
01110010010 000000000000 000000000000
00110010010 000000000000 000000000000
01110010010 000000000000 000000000000
00110010010 000000000000 000000000000
01110010010 000000000000 000000000000
00110010010 000000000000 000000000000
01110010010 000000000000 000000000000
00110010010 000000000000 000000000000
01110010010 000000000000 000000000000
00110010010 000000000000 000000000000
01110010010 000000000000 000000000000
00110010010 000000000000 000000000000
01110010010 000000000000 000000000000
00110010010 000000000000 000000000000
01110010010 000000000000 000000000000
00110010010 000000000000 000000000000
01110010010 000000000000 000000000000
00110010010 000000000000 000000000000
01110010010 000000000000 000000000000
00110010010 000000000000 000000000000
01110010010 000000000000 000000000000
00110010010 000000000000 000000000000
01110010010 000000000000 000000000000
00100011111 000000000000 000000000000
01100011111 000000000000 000000000000
00100011111 000000000000 000000000000
01100011111 000000000000 000000000000
00100011111 000000000000 000000000000
01100011111 000000000000 000000000000
00000011111 000000000000 000000000000
01000011111 000000000000 000000000000
00000011111 000000000000 000000000000
01000011111 000000000000 000000000000
00000011111 000000000000 000000000000
01000011111 000000000000 000000000000
00000011111 000000000000 000000000000
01000011111 000000000000 000000000000
00000011111 000000000000 000000000000
01000011111 000000000000 000000000000
00100011111 000000000000 000000000000
01100011111 000000000000 000000000000
00000011111 000000000000 000000000000
01000011111 000000000000 000000000000
00100011111 000000000000 000000000000
01100011111 000000000000 000000000000
00100011111 000000000000 000000000000
01100011111 000000000000 000000000000
00000000101 000000000000 000000000000
01000000101 000000000000 000000000000
00000000101 000000000000 000000000000
01000000101 000000000000 000000000000
00000000101 000000000000 000000000000
01000000101 000000000000 000000000000
00100000101 000000000000 000000000000
01100000101 000000000000 000000000000
00100000101 000000000000 000000000000
01100000101 000000000000 000000000000
00100000101 000000000000 000000000000
01100000101 000000000000 000000000000
00100000101 000000000000 000000000000
01100000101 000000000000 000000000000
00100000101 000000000000 000000000000
01100000101 000000000000 000000000000
00100000101 000000000000 000000000000
01100000101 000000000000 000000000000
00100000101 000000000000 000000000000
01100000101 000000000000 000000000000
00100000101 000000000000 000000000000
01100000101 000000000000 000000000000
00100000101 000000000000 000000000000
01100000101 000000000000 000000000000
00101011100 000000000000 000000000000
01101011100 000000000000 000000000000
00101011100 000000000000 000000000000
01101011100 000000000000 000000000000
00101011100 000000000000 000000000000
01101011100 000000000000 000000000000
00001011100 000000000000 000000000000
01001011100 000000000000 000000000000
00001011100 000000000000 000000000000
01001011100 000000000000 000000000000
00001011100 000000000000 000000000000
01001011100 000000000000 000000000000
00001011100 000000000000 000000000000
01001011100 000000000000 000000000000
00001011100 000000000000 000000000000
01001011100 000000000000 000000000000
00001011100 000000000000 000000000000
01001011100 000000000000 000000000000
00001011100 000000000000 000000000000
01001011100 000000000000 000000000000
00001011100 000000000000 000000000000
01001011100 000000000000 000000000000
00001011100 000000000000 000000000000
01001011100 000000000000 000000000000
00011010100 000000000000 000000000000
01011010100 000000000000 000000000000
00011010100 000000000000 000000000000
01011010100 000000000000 000000000000
00011010100 000000000000 000000000000
01011010100 000000000000 000000000000
00011010100 000000000000 000000000000
01011010100 000000000000 000000000000
00011010100 000000000000 000000000000
01011010100 000000000000 000000000000
00111010100 000000000000 000000000000
01111010100 000000000000 000000000000
00111010100 000000000000 000000000000
01111010100 000000000000 000000000000
00111010100 000000000000 000000000000
01111010100 000000000000 000000000000
00111010100 000000000000 000000000000
01111010100 000000000000 000000000000
00111010100 000000000000 000000000000
01111010100 000000000000 000000000000
00111010100 000000000000 000000000000
01111010100 000000000000 000000000000
00111010100 000000000000 000000000000
01111010100 000000000000 000000000000
00111111110 000000000000 000000000000
01111111110 000000000000 000000000000
00111111110 000000000000 000000000000
01111111110 000000000000 000000000000
00111111110 000000000000 000000000000
01111111110 000000000000 000000000000
00111111110 000000000000 000000000000
01111111110 000000000000 000000000000
00111111110 000000000000 000000000000
01111111110 000000000000 000000000000
00111111110 000000000000 000000000000
01111111110 000000000000 000000000000
00111111110 000000000000 000000000000
01111111110 000000000000 000000000000
00011111110 000000000000 000000000000
01011111110 000000000000 000000000000
00011111110 000000000000 000000000000
01011111110 000000000000 000000000000
00011111110 000000000000 000000000000
01011111110 000000000000 000000000000
00111111110 000000000000 000000000000
01111111110 000000000000 000000000000
00111111110 000000000000 000000000000
01111111110 000000000000 000000000000
00110110100 000000000000 000000000000
01110110100 000000000000 000000000000
00010110100 000000000000 000000000000
01010110100 000000000000 000000000000
00110110100 000000000000 000000000000
01110110100 000000000000 000000000000
00010110100 000000000000 000000000000
01010110100 000000000000 000000000000
00110110100 000000000000 000000000000
01110110100 000000000000 000000000000
00110110100 000000000000 000000000000
01110110100 000000000000 000000000000
00110110100 000000000000 000000000000
01110110100 000000000000 000000000000
00110110100 000000000000 000000000000
01110110100 000000000000 000000000000
00110110100 000000000000 000000000000
01110110100 000000000000 000000000000
00110110100 000000000000 000000000000
01110110100 000000000000 000000000000
00110110100 000000000000 000000000000
01110110100 000000000000 000000000000
00110110100 000000000000 000000000000
01110110100 000000000000 000000000000
00100111010 000000000000 000000000000
01100111010 000000000000 000000000000
00100111010 000000000000 000000000000
01100111010 000000000000 000000000000
00100111010 000000000000 000000000000
01100111010 000000000000 000000000000
00100111010 000000000000 000000000000
01100111010 000000000000 000000000000
00100111010 000000000000 000000000000
01100111010 000000000000 000000000000
00000111010 000000000000 000000000000
01000111010 000000000000 000000000000
00000111010 000000000000 000000000000
01000111010 000000000000 000000000000
00000111010 000000000000 000000000000
01000111010 000000000000 000000000000
00000111010 000000000000 000000000000
01000111010 000000000000 000000000000
00000111010 000000000000 000000000000
01000111010 000000000000 000000000000
00000111010 000000000000 000000000000
01000111010 000000000000 000000000000
00000111010 000000000000 000000000000
01000111010 000000000000 000000000000
00000000000 000000000000 000000000000
01000000000 000000000000 000000000000
00000000000 000000000000 000000000000
01000000000 000000000000 000000000000
00000000000 000000000000 000000000000
01000000000 000000000000 000000000000
00000000000 000000000000 000000000000
01000000000 000000000000 000000000000
00000000000 000000000000 000000000000
01000000000 000000000000 000000000000
00000000000 000000000000 000000000000
01000000000 000000000000 000000000000
00000000000 000000000000 000000000000
01000000000 000000000000 000000000000
00100000000 000000000000 000000000000
01100000000 000000000000 000000000000
00100000000 000000000000 000000000000
01100000000 000000000000 000000000000
00100000000 000000000000 000000000000
01100000000 000000000000 000000000000
00100000000 000000000000 000000000000
01100000000 000000000000 000000000000
00100000000 000000000000 000000000000
01100000000 000000000000 000000000000
00100111011 000000000000 000000000000
01100111011 000000000000 000000000000
00100111011 000000000000 000000000000
01100111011 000000000000 000000000000
00100111011 000000000000 000000000000
01100111011 000000000000 000000000000
00100111011 000000000000 000000000000
01100111011 000000000000 000000000000
00100111011 000000000000 000000000000
01100111011 000000000000 000000000000
00100111011 000000000000 000000000000
01100111011 000000000000 000000000000
00100111011 000000000000 000000000000
01100111011 000000000000 000000000000
00100111011 000000000000 000000000000
01100111011 000000000000 000000000000
00000111011 000000000000 000000000000
01000111011 000000000000 000000000000
00100111011 000000000000 000000000000
01100111011 000000000000 000000000000
00000111011 000000000000 000000000000
01000111011 000000000000 000000000000
00000111011 000000000000 000000000000
01000111011 000000000000 000000000000
00110110101 000000000000 000000000000
01110110101 000000000000 000000000000
00010110101 000000000000 000000000000
01010110101 000000000000 000000000000
00110110101 000000000000 000000000000
01110110101 000000000000 000000000000
00010110101 000000000000 000000000000
01010110101 000000000000 000000000000
00110110101 000000000000 000000000000
01110110101 000000000000 000000000000
00010110101 000000000000 000000000000
01010110101 000000000000 000000000000
00010110101 000000000000 000000000000
01010110101 000000000000 000000000000
00110110101 000000000000 000000000000
01110110101 000000000000 000000000000
00110110101 000000000000 000000000000
01110110101 000000000000 000000000000
00110110101 000000000000 000000000000
01110110101 000000000000 000000000000
00110110101 000000000000 000000000000
01110110101 000000000000 000000000000
00110110101 000000000000 000000000000
01110110101 000000000000 000000000000
00111111110 000000000000 000000000000
01111111110 000000000000 000000000000
00111111110 000000000000 000000000000
01111111110 000000000000 000000000000
00111111110 000000000000 000000000000
01111111110 000000000000 000000000000
00011111110 000000000000 000000000000
01011111110 000000000000 000000000000
00011111110 000000000000 000000000000
01011111110 000000000000 000000000000
00011111110 000000000000 000000000000
01011111110 000000000000 000000000000
00011111110 000000000000 000000000000
01011111110 000000000000 000000000000
00011111110 000000000000 000000000000
01011111110 000000000000 000000000000
00011111110 000000000000 000000000000
01011111110 000000000000 000000000000
00011111110 000000000000 000000000000
01011111110 000000000000 000000000000
00011111110 000000000000 000000000000
01011111110 000000000000 000000000000
00011111110 000000000000 000000000000
01011111110 000000000000 000000000000
00011010011 000000000000 000000000000
01011010011 000000000000 000000000000
00011010011 000000000000 000000000000
01011010011 000000000000 000000000000
00011010011 000000000000 000000000000
01011010011 000000000000 000000000000
00011010011 000000000000 000000000000
01011010011 000000000000 000000000000
00011010011 000000000000 000000000000
01011010011 000000000000 000000000000
00111010011 000000000000 000000000000
01111010011 000000000000 000000000000
00111010011 000000000000 000000000000
01111010011 000000000000 000000000000
00111010011 000000000000 000000000000
01111010011 000000000000 000000000000
00111010011 000000000000 000000000000
01111010011 000000000000 000000000000
00111010011 000000000000 000000000000
01111010011 000000000000 000000000000
00111010011 000000000000 000000000000
01111010011 000000000000 000000000000
00111010011 000000000000 000000000000
01111010011 000000000000 000000000000
00101011011 000000000000 000000000000
01101011011 000000000000 000000000000
00101011011 000000000000 000000000000
01101011011 000000000000 000000000000
00101011011 000000000000 000000000000
01101011011 000000000000 000000000000
00101011011 000000000000 000000000000
01101011011 000000000000 000000000000
00101011011 000000000000 000000000000
01101011011 000000000000 000000000000
00101011011 000000000000 000000000000
01101011011 000000000000 000000000000
00101011011 000000000000 000000000000
01101011011 000000000000 000000000000
00101011011 000000000000 000000000000
01101011011 000000000000 000000000000
00001011011 000000000000 000000000000
01001011011 000000000000 000000000000
00001011011 000000000000 000000000000
01001011011 000000000000 000000000000
00001011011 000000000000 000000000000
01001011011 000000000000 000000000000
00101011011 000000000000 000000000000
01101011011 000000000000 000000000000
00100000100 000000000000 000000000000
01100000100 000000000000 000000000000
00100000100 000000000000 000000000000
01100000100 000000000000 000000000000
00000000100 000000000000 000000000000
01000000100 000000000000 000000000000
00100000100 000000000000 000000000000
01100000100 000000000000 000000000000
00000000100 000000000000 000000000000
01000000100 000000000000 000000000000
00100000100 000000000000 000000000000
01100000100 000000000000 000000000000
00000000100 000000000000 000000000000
01000000100 000000000000 000000000000
00100000100 000000000000 000000000000
01100000100 000000000000 000000000000
00100000100 000000000000 000000000000
01100000100 000000000000 000000000000
00100000100 000000000000 000000000000
01100000100 000000000000 000000000000
00100000100 000000000000 000000000000
01100000100 000000000000 000000000000
00100000100 000000000000 000000000000
01100000100 000000000000 000000000000
00000011111 000000000000 000000000000
01000011111 000000000000 000000000000
00000011111 000000000000 000000000000
01000011111 000000000000 000000000000
00000011111 000000000000 000000000000
01000011111 000000000000 000000000000
00000011111 000000000000 000000000000
01000011111 000000000000 000000000000
00000011111 000000000000 000000000000
01000011111 000000000000 000000000000
00000011111 000000000000 000000000000
01000011111 000000000000 000000000000
00000011111 000000000000 000000000000
01000011111 000000000000 000000000000
00000011111 000000000000 000000000000
01000011111 000000000000 000000000000
00000011111 000000000000 000000000000
01000011111 000000000000 000000000000
00000011111 000000000000 000000000000
01000011111 000000000000 000000000000
00000011111 000000000000 000000000000
01000011111 000000000000 000000000000
00000011111 000000000000 000000000000
01000011111 000000000000 000000000000
00010010011 000000000000 000000000000
01010010011 000000000000 000000000000
00010010011 000000000000 000000000000
01010010011 000000000000 000000000000
00110010011 000000000000 000000000000
01110010011 000000000000 000000000000
00110010011 000000000000 000000000000
01110010011 000000000000 000000000000
00110010011 000000000000 000000000000
01110010011 000000000000 000000000000
00110010011 000000000000 000000000000
01110010011 000000000000 000000000000
00110010011 000000000000 000000000000
01110010011 000000000000 000000000000
00110010011 000000000000 000000000000
01110010011 000000000000 000000000000
00110010011 000000000000 000000000000
01110010011 000000000000 000000000000
00110010011 000000000000 000000000000
01110010011 000000000000 000000000000
00110010011 000000000000 000000000000
01110010011 000000000000 000000000000
00110010011 000000000000 000000000000
01110010011 000000000000 000000000000
00111110100 000000000000 000000000000
01111110100 000000000000 000000000000
00111110100 000000000000 000000000000
01111110100 000000000000 000000000000
00111110100 000000000000 000000000000
01111110100 000000000000 000000000000
00111110100 000000000000 000000000000
01111110100 000000000000 000000000000
00111110100 000000000000 000000000000
01111110100 000000000000 000000000000
00111110100 000000000000 000000000000
01111110100 000000000000 000000000000
00111110100 000000000000 000000000000
01111110100 000000000000 000000000000
00111110100 000000000000 000000000000
01111110100 000000000000 000000000000
00111110100 000000000000 000000000000
01111110100 000000000000 000000000000
00111110100 000000000000 000000000000
01111110100 000000000000 000000000000
00011110100 000000000000 000000000000
01011110100 000000000000 000000000000
00111110100 000000000000 000000000000
01111110100 000000000000 000000000000
00011101011 000000000000 000000000000
01011101011 000000000000 000000000000
00111101011 000000000000 000000000000
01111101011 000000000000 000000000000
00011101011 000000000000 000000000000
01011101011 000000000000 000000000000
00111101011 000000000000 000000000000
01111101011 000000000000 000000000000
00011101011 000000000000 000000000000
01011101011 000000000000 000000000000
00011101011 000000000000 000000000000
01011101011 000000000000 000000000000
00111101011 000000000000 000000000000
01111101011 000000000000 000000000000
00011101011 000000000000 000000000000
01011101011 000000000000 000000000000
00111101011 000000000000 000000000000
01111101011 000000000000 000000000000
00011101011 000000000000 000000000000
01011101011 000000000000 000000000000
00011101011 000000000000 000000000000
01011101011 000000000000 000000000000
00111101011 000000000000 000000000000
01111101011 000000000000 000000000000
00101111110 000000000000 000000000000
01101111110 000000000000 000000000000
00101111110 000000000000 000000000000
01101111110 000000000000 000000000000
00101111110 000000000000 000000000000
01101111110 000000000000 000000000000
00101111110 000000000000 000000000000
01101111110 000000000000 000000000000
00101111110 000000000000 000000000000
01101111110 000000000000 000000000000
00101111110 000000000000 000000000000
01101111110 000000000000 000000000000
00101111110 000000000000 000000000000
01101111110 000000000000 000000000000
00101111110 000000000000 000000000000
01101111110 000000000000 000000000000
00101111110 000000000000 000000000000
01101111110 000000000000 000000000000
00101111110 000000000000 000000000000
01101111110 000000000000 000000000000
00001111110 000000000000 000000000000
01001111110 000000000000 000000000000
00001111110 000000000000 000000000000
01001111110 000000000000 000000000000
00000010011 000000000000 000000000000
01000010011 000000000000 000000000000
00000010011 000000000000 000000000000
01000010011 000000000000 000000000000
00000010011 000000000000 000000000000
01000010011 000000000000 000000000000
00000010011 000000000000 000000000000
01000010011 000000000000 000000000000
00000010011 000000000000 000000000000
01000010011 000000000000 000000000000
00000010011 000000000000 000000000000
01000010011 000000000000 000000000000
00000010011 000000000000 000000000000
01000010011 000000000000 000000000000
00000010011 000000000000 000000000000
01000010011 000000000000 000000000000
00000010011 000000000000 000000000000
01000010011 000000000000 000000000000
00000010011 000000000000 000000000000
01000010011 000000000000 000000000000
00000010011 000000000000 000000000000
01000010011 000000000000 000000000000
00000010011 000000000000 000000000000
01000010011 000000000000 000000000000
00100001100 000000000000 000000000000
01100001100 000000000000 000000000000
00100001100 000000000000 000000000000
01100001100 000000000000 000000000000
00100001100 000000000000 000000000000
01100001100 000000000000 000000000000
00100001100 000000000000 000000000000
01100001100 000000000000 000000000000
00100001100 000000000000 000000000000
01100001100 000000000000 000000000000
00100001100 000000000000 000000000000
01100001100 000000000000 000000000000
00100001100 000000000000 000000000000
01100001100 000000000000 000000000000
00100001100 000000000000 000000000000
01100001100 000000000000 000000000000
00100001100 000000000000 000000000000
01100001100 000000000000 000000000000
00100001100 000000000000 000000000000
01100001100 000000000000 000000000000
00100001100 000000000000 000000000000
01100001100 000000000000 000000000000
00100001100 000000000000 000000000000
01100001100 000000000000 000000000000
