0100000 0
1100000 0
0000011 0
1000011 0
0001010 0
1001010 0
0001000 0
1001000 0
0001000 0
1001000 0
0000010 0
1000010 0
0001010 0
1001010 0
0001111 0
1001111 0
0001000 0
1001000 0
0000110 0
1000110 0
0001000 0
1001000 0
0001001 0
1001001 0
0001101 0
1001101 0
0001011 0
1001011 0
0001110 0
1001110 0
0001000 0
1001000 0
0001011 0
1001011 0
0000110 0
1000110 0
0010100 0
1010100 0
0001010 0
1001010 0
0000010 0
1000010 0
0010110 0
1010110 0
0010010 0
1010010 0
0000111 0
1000111 0
0000011 0
1000011 0
0000001 0
1000001 0
0010101 0
1010101 0
0001110 0
1001110 0
0000011 0
1000011 0
0001010 0
1001010 0
0000001 0
1000001 0
0010011 0
1010011 0
0001101 0
1001101 0
0001001 0
1001001 0
0000110 0
1000110 0
0000001 0
1000001 0
0001011 0
1001011 0
0001100 0
1001100 0
0000001 0
1000001 0
0000101 1
1000101 0
0010100 0
1010100 0
0000110 0
1000110 0
0010111 0
1010111 0
0001011 0
1001011 0
0001100 0
1001100 0
0010111 0
1010111 0
0000101 0
1000101 0
0010111 0
1010111 0
0000101 0
1000101 0
0001001 0
1001001 0
0000100 0
1000100 0
0000101 0
1000101 0
0001001 0
1001001 0
0010101 0
1010101 0
0001111 0
1001111 0
0000101 0
1000101 0
0001001 0
1001001 0
0010001 0
1010001 0
0001001 0
1001001 0
0010010 0
1010010 0
0011001 0
1011001 0
0010010 0
1010010 0
0000101 0
1000101 0
0001001 0
1001001 0
0001111 0
1001111 0
0001001 0
1001001 0
0010111 0
1010111 0
0001111 0
1001111 0
0010111 0
1010111 0
0010111 0
1010111 0
0010101 0
1010101 0
0010111 0
1010111 0
0010101 0
1010101 0
0010111 0
1010111 0
0000101 0
1000101 0
0010111 0
1010111 0
0010010 0
1010010 0
0011001 0
1011001 0
